nRows 	 : 	 10 
nCols 	 : 	 15 
nCargoes 	 : 	 232 
nCargoTypes 	 : 	 6 
nPorts 	 : 	 4 
handlingtime 	 : 	 5 
noise_perc 	 : 	 0.0 
nintervals 	 : 	 20 
loadingPorts 	 : 	  
1 1 1 1 1 1 1 1 1 1 1 1 1 1 1 1 1 1 1 1 1 1 1 1 1 1 1 1 1 1 1 1 1 1 1 1 1 1 1 1 1 1 1 1 1 1 1 1 1 1 1 1 1 1 1 1 1 1 1 1 1 1 1 1 1 1 1 1 1 1 1 1 1 1 1 1 1 1 1 1 1 1 1 1 1 1 1 1 1 1 1 1 1 1 1 1 1 1 1 1 1 1 1 1 1 1 1 1 1 1 1 1 1 1 1 1 1 1 1 1 1 1 1 1 2 2 2 2 2 2 2 2 2 2 2 2 2 2 2 2 2 2 2 2 2 2 2 2 2 2 2 2 2 2 2 2 2 2 2 2 2 2 2 2 2 2 2 2 2 2 3 3 3 3 3 3 3 3 3 3 3 3 3 3 3 3 3 3 3 3 3 3 3 3 3 3 3 3 3 3 3 3 3 3 3 3 3 3 3 3 3 3 3 3 3 3 3 3 3 3 3 3 3 3 3 3 3 3 3 3 3 3 
dischargePorts 	 : 	  
2 3 3 2 3 3 2 4 4 2 2 3 4 2 3 3 4 2 2 2 2 4 3 4 2 2 2 3 3 2 3 2 2 2 4 2 4 4 3 3 2 3 4 3 4 4 4 2 3 4 3 3 3 3 4 4 3 2 4 2 2 3 2 2 3 2 4 4 4 3 2 3 2 2 3 3 3 2 2 3 3 4 4 2 4 3 4 4 4 2 3 4 2 3 2 2 4 2 2 4 4 2 2 2 3 2 3 4 3 3 4 2 3 2 4 4 4 4 3 2 2 4 3 3 3 3 3 4 3 3 3 3 3 4 3 4 4 4 4 4 3 4 3 4 3 4 3 3 4 3 4 4 4 3 3 4 4 3 4 4 3 4 4 3 4 4 4 4 4 3 4 4 4 4 4 4 4 4 4 4 4 4 4 4 4 4 4 4 4 4 4 4 4 4 4 4 4 4 4 4 4 4 4 4 4 4 4 4 4 4 4 4 4 4 4 4 4 4 4 4 4 4 4 4 4 4 4 4 4 4 4 4 
adj 	 :
[[], [16, 2], [1, 17], [], [], [], [], [], [], [24], [], [], [], [28], [], [16, 150], [17, 1, 15], [16, 18, 2], [17, 19], [18, 20], [19], [], [], [], [9, 39], [], [], [], [13, 43, 29], [28, 44], [150, 31], [32, 30], [33, 31], [32, 34], [33, 35], [34, 36], [35, 37], [36, 38], [37, 39], [40, 24, 38], [41, 39], [40, 42], [41, 43], [42, 44, 28], [43, 29], [46, 150], [45, 47], [48, 46], [49, 47], [48, 50], [49, 51], [50, 52], [51, 53], [52, 54], [53, 55], [56, 54], [57, 55], [56, 58], [57, 59], [58], [61, 150], [60, 62], [61, 63], [64, 62], [65, 63], [64, 66], [65, 67], [66, 68], [67, 69], [68, 70], [69, 71], [72, 70], [73, 71], [72, 74], [73], [76, 150], [75, 77], [76, 78], [77, 79], [80, 78], [81, 79], [80, 82], [81, 83], [82, 84], [83, 85], [84, 86], [85, 87], [88, 86], [89, 87], [88], [91, 150], [90, 92], [91, 93], [92, 94], [93, 95], [96, 94], [97, 95], [96, 98], [97, 99], [98, 100], [99, 101], [100, 102], [101, 103], [104, 102], [103], [106, 150], [105, 107], [106, 108], [107, 109], [108, 110], [109, 111], [112, 110], [113, 111], [112, 114], [113, 129, 115], [114, 116, 130], [115, 131, 117], [132, 116, 118], [117, 133, 119], [134, 118], [121, 150], [120, 122], [121, 123], [122, 124], [123, 125], [124], [], [], [], [144, 130, 114], [115, 129, 145, 131], [116, 130, 132, 146], [117, 131, 147, 133], [148, 118, 132, 134], [133, 119], [136, 150], [137, 135], [136, 138], [137], [], [], [], [], [], [145, 129], [144, 146, 130], [145, 147, 131], [132, 146, 148], [147, 133], [], [135, 105, 75, 45, 15, 120, 90, 60, 30]] 
layout 	 : 	 
-2.0 -1.0 -1.0 -2.0 -2.0 -2.0 -2.0 -2.0 -2.0 -1.0 -2.0 -2.0 -2.0 -1.0 -2.0 
-1.0 -1.0 -1.0 -1.0 -1.0 -1.0 -2.0 -2.0 -2.0 -1.0 -2.0 -2.0 -2.0 -1.0 -1.0 
-1.0 -1.0 -1.0 -1.0 -1.0 -1.0 -1.0 -1.0 -1.0 -1.0 -1.0 -1.0 -1.0 -1.0 -1.0 
-1.0 -1.0 -1.0 -1.0 -1.0 -1.0 -1.0 -1.0 -1.0 -1.0 -1.0 -1.0 -1.0 -1.0 -1.0 
-1.0 -1.0 -1.0 -1.0 -1.0 -1.0 -1.0 -1.0 -1.0 -1.0 -1.0 -1.0 -1.0 -1.0 -1.0 
-1.0 -1.0 -1.0 -1.0 -1.0 -1.0 -1.0 -1.0 -1.0 -1.0 -1.0 -1.0 -1.0 -1.0 -1.0 
-1.0 -1.0 -1.0 -1.0 -1.0 -1.0 -1.0 -1.0 -1.0 -1.0 -1.0 -1.0 -1.0 -1.0 -1.0 
-1.0 -1.0 -1.0 -1.0 -1.0 -1.0 -1.0 -1.0 -1.0 -1.0 -1.0 -1.0 -1.0 -1.0 -1.0 
-1.0 -1.0 -1.0 -1.0 -1.0 -1.0 -2.0 -2.0 -2.0 -1.0 -1.0 -1.0 -1.0 -1.0 -1.0 
-1.0 -1.0 -1.0 -1.0 -2.0 -2.0 -2.0 -2.0 -2.0 -1.0 -1.0 -1.0 -1.0 -1.0 -2.0 
arrivals 	 : 	  
3.1 8.16 20.83 25.26 31.54 32.46 37.21 39.09 39.75 44.46 51.06 56.24 59.54 63.95 64.41 70.65 76.51 77.06 85.59 86.63 94.64 103.97 104.21 107.29 112.75 113.14 116.69 116.81 121.76 128.4 146.24 162.56 163.92 179.25 187.11 189.2 198.21 198.43 202.9 205.29 214.23 215.96 224.39 226.15 228.55 228.77 9.32 11.2 29.24 33.38 40.45 41.28 45.7 55.0 56.09 64.77 66.42 70.86 76.19 76.58 77.84 79.16 105.42 109.87 114.42 114.66 116.42 129.2 141.57 143.07 143.43 144.29 144.3 160.17 167.55 168.63 182.08 183.52 184.38 185.18 185.89 186.07 186.99 187.48 191.66 197.7 198.57 0.93 6.65 10.21 12.08 16.19 18.19 20.64 25.18 25.7 29.32 30.19 33.53 33.97 39.96 41.9 50.23 52.13 53.16 58.3 59.95 62.86 62.94 72.64 74.5 78.99 87.56 88.49 92.09 99.74 103.55 118.93 122.27 128.93 138.07 138.3 140.51 141.17 0.42 1.14 1.84 4.1 5.62 6.6 6.93 8.47 8.78 10.7 12.84 13.22 15.04 16.34 16.77 16.81 18.19 20.51 21.33 22.38 23.28 0.97 7.08 17.04 17.32 22.69 27.08 37.83 38.7 40.2 47.78 53.16 60.1 69.58 73.78 74.04 76.57 78.6 80.5 81.56 82.15 91.22 94.65 104.46 105.58 117.52 3.91 11.73 21.33 29.46 40.51 44.15 54.43 61.13 75.88 90.79 93.09 103.39 105.86 107.22 114.94 127.48 128.7 139.1 139.21 140.3 149.44 152.31 154.89 161.34 163.05 181.11 211.11 234.32 235.49 235.67 246.14 249.87 266.67 277.98 280.58 288.88 295.53 306.74 306.81 315.51 317.57 319.97 347.72 353.05 361.43 372.09 385.01 386.36 398.76 406.08 437.71 441.08 443.98 454.4 459.84 460.63 474.37 488.19 525.93 539.14 549.7 564.72 
