nRows 	 : 	 10 
nCols 	 : 	 15 
nCargoes 	 : 	 248 
nCargoTypes 	 : 	 10 
nPorts 	 : 	 5 
handlingtime 	 : 	 5 
noise_perc 	 : 	 0.0 
nintervals 	 : 	 20 
loadingPorts 	 : 	  
1 1 1 1 1 1 1 1 1 1 1 1 1 1 1 1 1 1 1 1 1 1 1 1 1 1 1 1 1 1 1 1 1 1 1 1 1 1 1 1 1 1 1 1 1 1 1 1 1 1 1 1 1 1 1 1 1 1 1 1 1 1 1 1 1 1 1 1 1 1 1 1 1 1 1 1 1 1 1 1 1 1 1 1 1 1 1 1 1 1 1 1 1 1 1 1 1 1 1 1 1 1 1 1 1 1 1 1 1 1 1 1 1 1 1 1 1 1 1 1 1 1 1 1 2 2 2 2 2 2 2 2 2 2 2 2 2 2 2 2 2 2 2 2 2 2 2 2 2 2 2 2 3 3 3 3 3 3 3 3 3 3 3 3 3 3 3 3 3 3 3 3 3 3 3 3 3 3 3 3 3 3 3 3 3 3 3 4 4 4 4 4 4 4 4 4 4 4 4 4 4 4 4 4 4 4 4 4 4 4 4 4 4 4 4 4 4 4 4 4 4 4 4 4 4 4 4 4 4 4 4 4 4 4 4 4 4 4 4 4 4 4 4 4 4 4 4 4 
dischargePorts 	 : 	  
4 3 5 5 5 3 3 5 3 4 2 2 2 4 2 4 2 4 4 3 2 3 3 2 2 5 5 2 4 4 5 4 4 5 5 4 4 5 2 5 2 3 3 4 4 4 3 3 4 5 3 2 5 5 5 4 3 2 5 3 2 4 2 3 4 5 3 2 3 5 2 2 3 5 5 5 2 4 2 4 5 3 4 4 4 3 2 4 5 5 5 5 4 3 2 5 2 5 5 3 5 5 5 2 3 2 5 2 3 5 3 4 4 3 5 4 4 4 4 2 5 5 2 3 3 3 4 4 3 4 5 3 4 4 5 5 5 4 3 4 3 5 4 4 5 4 5 4 4 3 3 5 4 5 5 5 5 4 4 4 5 4 4 4 5 4 4 4 4 5 5 4 5 4 5 5 5 4 5 5 4 4 5 5 4 5 5 5 5 5 5 5 5 5 5 5 5 5 5 5 5 5 5 5 5 5 5 5 5 5 5 5 5 5 5 5 5 5 5 5 5 5 5 5 5 5 5 5 5 5 5 5 5 5 5 5 5 5 5 5 5 5 5 5 5 5 5 5 
adj 	 :
[[], [16, 2], [1, 17], [], [], [], [], [], [], [24], [], [], [], [28], [], [16, 150], [17, 1, 15], [16, 18, 2], [17, 19], [18, 20], [19], [], [], [], [9, 39], [], [], [], [13, 43, 29], [28, 44], [150, 31], [32, 30], [33, 31], [32, 34], [33, 35], [34, 36], [35, 37], [36, 38], [37, 39], [40, 24, 38], [41, 39], [40, 42], [41, 43], [42, 44, 28], [43, 29], [46, 150], [45, 47], [48, 46], [49, 47], [48, 50], [49, 51], [50, 52], [51, 53], [52, 54], [53, 55], [56, 54], [57, 55], [56, 58], [57, 59], [58], [61, 150], [60, 62], [61, 63], [64, 62], [65, 63], [64, 66], [65, 67], [66, 68], [67, 69], [68, 70], [69, 71], [72, 70], [73, 71], [72, 74], [73], [76, 150], [75, 77], [76, 78], [77, 79], [80, 78], [81, 79], [80, 82], [81, 83], [82, 84], [83, 85], [84, 86], [85, 87], [88, 86], [89, 87], [88], [91, 150], [90, 92], [91, 93], [92, 94], [93, 95], [96, 94], [97, 95], [96, 98], [97, 99], [98, 100], [99, 101], [100, 102], [101, 103], [104, 102], [103], [106, 150], [105, 107], [106, 108], [107, 109], [108, 110], [109, 111], [112, 110], [113, 111], [112, 114], [113, 129, 115], [114, 116, 130], [115, 131, 117], [132, 116, 118], [117, 133, 119], [134, 118], [121, 150], [120, 122], [121, 123], [122, 124], [123, 125], [124], [], [], [], [144, 130, 114], [115, 129, 145, 131], [116, 130, 132, 146], [117, 131, 147, 133], [148, 118, 132, 134], [133, 119], [136, 150], [137, 135], [136, 138], [137], [], [], [], [], [], [145, 129], [144, 146, 130], [145, 147, 131], [132, 146, 148], [147, 133], [], [135, 105, 75, 45, 15, 120, 90, 60, 30]] 
layout 	 : 	 
-2.0 -1.0 -1.0 -2.0 -2.0 -2.0 -2.0 -2.0 -2.0 -1.0 -2.0 -2.0 -2.0 -1.0 -2.0 
-1.0 -1.0 -1.0 -1.0 -1.0 -1.0 -2.0 -2.0 -2.0 -1.0 -2.0 -2.0 -2.0 -1.0 -1.0 
-1.0 -1.0 -1.0 -1.0 -1.0 -1.0 -1.0 -1.0 -1.0 -1.0 -1.0 -1.0 -1.0 -1.0 -1.0 
-1.0 -1.0 -1.0 -1.0 -1.0 -1.0 -1.0 -1.0 -1.0 -1.0 -1.0 -1.0 -1.0 -1.0 -1.0 
-1.0 -1.0 -1.0 -1.0 -1.0 -1.0 -1.0 -1.0 -1.0 -1.0 -1.0 -1.0 -1.0 -1.0 -1.0 
-1.0 -1.0 -1.0 -1.0 -1.0 -1.0 -1.0 -1.0 -1.0 -1.0 -1.0 -1.0 -1.0 -1.0 -1.0 
-1.0 -1.0 -1.0 -1.0 -1.0 -1.0 -1.0 -1.0 -1.0 -1.0 -1.0 -1.0 -1.0 -1.0 -1.0 
-1.0 -1.0 -1.0 -1.0 -1.0 -1.0 -1.0 -1.0 -1.0 -1.0 -1.0 -1.0 -1.0 -1.0 -1.0 
-1.0 -1.0 -1.0 -1.0 -1.0 -1.0 -2.0 -2.0 -2.0 -1.0 -1.0 -1.0 -1.0 -1.0 -1.0 
-1.0 -1.0 -1.0 -1.0 -2.0 -2.0 -2.0 -2.0 -2.0 -1.0 -1.0 -1.0 -1.0 -1.0 -2.0 
arrivals 	 : 	  
4.59 7.93 11.94 29.88 37.34 38.13 44.7 44.93 46.08 49.36 51.52 51.55 52.49 61.82 63.28 63.51 66.18 68.51 75.93 78.14 80.06 82.34 84.64 85.46 92.81 99.02 112.45 115.36 1.35 1.42 2.74 4.14 5.22 9.12 12.8 14.78 17.89 23.08 28.76 42.8 44.14 46.09 51.92 54.0 55.9 65.46 66.14 70.88 75.04 76.49 82.43 90.17 94.81 101.02 102.28 1.35 1.45 5.47 6.44 9.65 10.15 11.09 12.26 17.88 18.96 21.39 21.41 27.53 31.32 35.35 43.38 47.64 49.25 50.89 52.47 62.2 62.51 67.4 74.17 83.15 92.95 97.76 98.65 99.88 100.87 104.33 104.42 0.7 2.75 6.82 12.19 13.49 18.43 19.07 24.38 24.39 24.94 29.02 31.3 32.24 33.18 34.1 38.5 42.47 46.79 49.08 49.86 51.95 52.21 54.58 54.78 55.81 56.79 57.5 59.63 61.51 63.25 69.35 75.05 75.19 79.56 85.8 89.05 90.84 0.22 0.37 6.09 7.27 14.85 15.98 21.46 26.32 4.09 7.42 20.78 29.32 30.08 40.79 54.22 57.16 72.47 74.76 96.28 112.11 25.36 32.59 41.02 47.63 48.11 55.97 76.49 99.53 1.7 1.78 3.08 4.58 8.24 10.57 19.23 27.98 28.89 29.05 30.19 35.26 38.35 41.13 41.23 42.06 48.26 1.16 1.35 2.37 4.24 4.58 5.31 5.71 7.07 7.82 9.33 10.36 13.53 14.34 17.0 22.17 27.6 29.29 29.39 7.63 15.82 16.06 20.18 22.05 29.16 29.99 30.76 35.39 37.51 51.86 54.88 56.32 57.7 79.03 87.02 87.86 89.55 97.19 103.59 104.93 108.86 115.79 116.09 119.21 123.55 131.59 136.74 140.12 156.73 165.16 167.48 170.03 172.7 174.58 176.16 183.36 184.74 185.44 187.08 190.52 194.82 195.97 202.86 209.15 213.43 215.32 216.76 220.54 221.7 222.7 223.65 227.06 228.01 241.24 244.09 247.52 252.88 253.86 260.6 261.9 
