nRows 	 : 	 10 
nCols 	 : 	 15 
nCargoes 	 : 	 218 
nCargoTypes 	 : 	 6 
nPorts 	 : 	 4 
handlingtime 	 : 	 5 
noise_perc 	 : 	 0.0 
nintervals 	 : 	 20 
loadingPorts 	 : 	  
1 1 1 1 1 1 1 1 1 1 1 1 1 1 1 1 1 1 1 1 1 1 1 1 1 1 1 1 1 1 1 1 1 1 1 1 1 1 1 1 1 1 1 1 1 1 1 1 1 1 1 1 1 1 1 1 1 1 1 1 1 1 1 1 1 1 1 1 1 1 1 1 1 1 1 1 1 1 1 1 1 1 1 1 1 1 1 1 1 1 1 1 1 1 1 1 1 1 1 1 1 1 1 1 1 1 1 1 1 1 1 1 1 1 1 1 1 1 1 1 1 1 1 1 2 2 2 2 2 2 2 2 2 2 2 2 2 2 2 2 2 2 2 2 2 2 2 2 2 2 2 2 2 2 2 3 3 3 3 3 3 3 3 3 3 3 3 3 3 3 3 3 3 3 3 3 3 3 3 3 3 3 3 3 3 3 3 3 3 3 3 3 3 3 3 3 3 3 3 3 3 3 3 3 3 3 3 3 3 3 3 3 3 3 3 3 3 3 
dischargePorts 	 : 	  
2 3 3 4 4 2 3 2 3 4 4 2 3 3 2 4 2 2 3 3 4 4 2 4 3 3 3 3 3 4 4 4 4 3 2 2 4 3 4 4 3 3 2 3 2 2 4 2 4 3 4 4 4 3 3 2 3 2 2 4 3 4 3 2 4 3 2 4 3 3 3 3 4 2 2 2 4 2 3 4 3 3 3 2 3 4 4 3 3 4 4 4 3 3 2 2 4 2 4 3 4 3 4 3 4 3 4 4 3 2 4 4 4 2 4 3 3 2 4 2 4 3 4 4 3 4 3 3 4 4 3 3 4 4 4 3 3 4 3 3 4 3 3 4 3 3 3 4 3 3 4 4 4 4 3 4 4 4 4 4 4 4 4 4 4 4 4 4 4 4 4 4 4 4 4 4 4 4 4 4 4 4 4 4 4 4 4 4 4 4 4 4 4 4 4 4 4 4 4 4 4 4 4 4 4 4 4 4 4 4 4 4 4 4 4 4 4 4 
adj 	 :
[[], [16, 2], [1, 17], [], [], [], [], [], [], [24], [], [], [], [28], [], [16, 150], [17, 1, 15], [16, 18, 2], [17, 19], [18, 20], [19], [], [], [], [9, 39], [], [], [], [13, 43, 29], [28, 44], [150, 31], [32, 30], [33, 31], [32, 34], [33, 35], [34, 36], [35, 37], [36, 38], [37, 39], [40, 24, 38], [41, 39], [40, 42], [41, 43], [42, 44, 28], [43, 29], [46, 150], [45, 47], [48, 46], [49, 47], [48, 50], [49, 51], [50, 52], [51, 53], [52, 54], [53, 55], [56, 54], [57, 55], [56, 58], [57, 59], [58], [61, 150], [60, 62], [61, 63], [64, 62], [65, 63], [64, 66], [65, 67], [66, 68], [67, 69], [68, 70], [69, 71], [72, 70], [73, 71], [72, 74], [73], [76, 150], [75, 77], [76, 78], [77, 79], [80, 78], [81, 79], [80, 82], [81, 83], [82, 84], [83, 85], [84, 86], [85, 87], [88, 86], [89, 87], [88], [91, 150], [90, 92], [91, 93], [92, 94], [93, 95], [96, 94], [97, 95], [96, 98], [97, 99], [98, 100], [99, 101], [100, 102], [101, 103], [104, 102], [103], [106, 150], [105, 107], [106, 108], [107, 109], [108, 110], [109, 111], [112, 110], [113, 111], [112, 114], [113, 129, 115], [114, 116, 130], [115, 131, 117], [132, 116, 118], [117, 133, 119], [134, 118], [121, 150], [120, 122], [121, 123], [122, 124], [123, 125], [124], [], [], [], [144, 130, 114], [115, 129, 145, 131], [116, 130, 132, 146], [117, 131, 147, 133], [148, 118, 132, 134], [133, 119], [136, 150], [137, 135], [136, 138], [137], [], [], [], [], [], [145, 129], [144, 146, 130], [145, 147, 131], [132, 146, 148], [147, 133], [], [135, 105, 75, 45, 15, 120, 90, 60, 30]] 
layout 	 : 	 
-2.0 -1.0 -1.0 -2.0 -2.0 -2.0 -2.0 -2.0 -2.0 -1.0 -2.0 -2.0 -2.0 -1.0 -2.0 
-1.0 -1.0 -1.0 -1.0 -1.0 -1.0 -2.0 -2.0 -2.0 -1.0 -2.0 -2.0 -2.0 -1.0 -1.0 
-1.0 -1.0 -1.0 -1.0 -1.0 -1.0 -1.0 -1.0 -1.0 -1.0 -1.0 -1.0 -1.0 -1.0 -1.0 
-1.0 -1.0 -1.0 -1.0 -1.0 -1.0 -1.0 -1.0 -1.0 -1.0 -1.0 -1.0 -1.0 -1.0 -1.0 
-1.0 -1.0 -1.0 -1.0 -1.0 -1.0 -1.0 -1.0 -1.0 -1.0 -1.0 -1.0 -1.0 -1.0 -1.0 
-1.0 -1.0 -1.0 -1.0 -1.0 -1.0 -1.0 -1.0 -1.0 -1.0 -1.0 -1.0 -1.0 -1.0 -1.0 
-1.0 -1.0 -1.0 -1.0 -1.0 -1.0 -1.0 -1.0 -1.0 -1.0 -1.0 -1.0 -1.0 -1.0 -1.0 
-1.0 -1.0 -1.0 -1.0 -1.0 -1.0 -1.0 -1.0 -1.0 -1.0 -1.0 -1.0 -1.0 -1.0 -1.0 
-1.0 -1.0 -1.0 -1.0 -1.0 -1.0 -2.0 -2.0 -2.0 -1.0 -1.0 -1.0 -1.0 -1.0 -1.0 
-1.0 -1.0 -1.0 -1.0 -2.0 -2.0 -2.0 -2.0 -2.0 -1.0 -1.0 -1.0 -1.0 -1.0 -2.0 
arrivals 	 : 	  
3.05 5.47 10.83 21.49 25.74 28.53 30.03 40.05 41.0 45.34 51.83 58.39 60.98 61.6 68.82 72.63 79.03 83.58 86.33 99.88 125.44 129.41 135.96 136.1 146.06 179.03 181.0 190.49 195.22 198.13 201.87 6.05 7.21 9.7 17.21 21.74 23.58 24.17 26.24 36.95 41.42 43.59 46.96 47.13 68.86 72.72 78.77 89.48 91.16 97.83 106.07 110.46 114.01 122.97 125.35 126.47 133.2 137.98 140.09 140.11 152.43 156.14 156.17 158.93 162.58 164.01 166.49 169.23 172.75 180.9 188.04 194.07 197.25 201.05 206.35 209.7 215.67 12.93 17.6 20.45 20.97 22.91 23.91 24.41 28.92 29.1 29.35 32.62 34.85 36.62 37.72 37.77 38.81 39.75 39.86 44.75 45.97 52.64 57.63 67.61 77.1 79.78 80.9 88.42 88.58 89.35 90.7 92.29 100.97 103.57 104.19 106.91 115.06 115.49 127.59 128.09 133.25 136.64 138.2 138.93 143.39 149.03 151.3 152.88 0.04 0.36 3.62 4.71 5.54 6.24 8.78 21.02 22.63 27.04 27.41 31.71 34.14 35.23 39.21 39.75 41.41 0.11 2.02 3.82 4.2 4.38 6.06 7.82 29.75 41.29 41.85 44.77 47.37 49.42 60.09 5.79 19.06 36.14 47.65 52.65 53.26 58.35 60.14 62.01 63.57 67.07 86.49 91.04 92.61 103.77 104.18 104.87 105.19 110.2 117.6 119.21 125.06 134.97 155.69 161.72 190.09 196.43 196.48 201.6 207.51 208.83 217.33 218.45 223.29 255.59 256.73 257.23 257.79 258.6 272.29 280.23 292.48 293.12 321.72 338.88 346.84 368.01 372.07 377.44 386.7 389.35 398.38 403.86 416.39 418.36 429.33 434.18 438.37 458.85 460.15 461.28 465.13 471.37 
