nRows 	 : 	 10 
nCols 	 : 	 15 
nCargoes 	 : 	 278 
nCargoTypes 	 : 	 15 
nPorts 	 : 	 6 
handlingtime 	 : 	 5 
noise_perc 	 : 	 0.0 
nintervals 	 : 	 20 
loadingPorts 	 : 	  
1 1 1 1 1 1 1 1 1 1 1 1 1 1 1 1 1 1 1 1 1 1 1 1 1 1 1 1 1 1 1 1 1 1 1 1 1 1 1 1 1 1 1 1 1 1 1 1 1 1 1 1 1 1 1 1 1 1 1 1 1 1 1 1 1 1 1 1 1 1 1 1 1 1 1 1 1 1 1 1 1 1 1 1 1 1 1 1 1 1 1 1 1 1 1 1 1 1 1 1 1 1 1 1 1 1 1 1 1 1 1 1 1 1 1 1 1 1 1 1 1 1 1 1 2 2 2 2 2 2 2 2 2 2 2 2 2 2 2 2 2 2 2 2 2 3 3 3 3 3 3 3 3 3 3 3 3 3 3 3 3 3 3 3 3 3 3 3 3 3 3 3 3 3 3 3 3 3 3 3 3 4 4 4 4 4 4 4 4 4 4 4 4 4 4 4 4 4 4 4 4 4 4 4 4 4 4 4 4 4 4 4 4 4 4 4 4 4 4 5 5 5 5 5 5 5 5 5 5 5 5 5 5 5 5 5 5 5 5 5 5 5 5 5 5 5 5 5 5 5 5 5 5 5 5 5 5 5 5 5 5 5 5 5 5 5 5 5 5 5 5 5 5 5 5 5 5 5 
dischargePorts 	 : 	  
2 4 3 2 5 5 3 5 4 4 2 2 6 6 4 6 4 2 2 3 6 5 6 6 3 3 2 5 6 4 5 2 6 6 6 6 6 2 5 3 6 6 6 6 3 5 2 6 6 3 6 4 3 5 3 2 2 3 6 6 3 5 3 6 4 6 2 6 2 6 3 2 4 5 3 5 4 3 4 3 5 2 6 4 5 5 5 3 2 5 3 3 6 5 3 3 4 4 3 2 4 6 5 6 5 3 4 2 3 4 4 5 4 4 3 4 6 5 2 2 4 5 3 6 6 5 3 3 3 3 4 6 3 4 5 3 5 4 3 5 3 6 6 3 4 4 6 5 4 4 6 5 6 6 6 5 6 6 5 6 5 6 5 6 6 5 4 4 5 6 5 5 4 4 4 4 4 5 4 4 6 6 5 5 6 5 5 5 6 6 6 6 6 5 5 5 6 6 6 5 6 6 6 5 5 5 5 5 6 5 5 5 5 6 5 5 6 5 6 6 6 6 6 6 6 6 6 6 6 6 6 6 6 6 6 6 6 6 6 6 6 6 6 6 6 6 6 6 6 6 6 6 6 6 6 6 6 6 6 6 6 6 6 6 6 6 6 6 6 6 6 6 6 6 6 6 6 6 
adj 	 :
[[], [16, 2], [1, 17], [], [], [], [], [], [], [24], [], [], [], [28], [], [16, 150], [17, 1, 15], [16, 18, 2], [17, 19], [18, 20], [19], [], [], [], [9, 39], [], [], [], [13, 43, 29], [28, 44], [150, 31], [32, 30], [33, 31], [32, 34], [33, 35], [34, 36], [35, 37], [36, 38], [37, 39], [40, 24, 38], [41, 39], [40, 42], [41, 43], [42, 44, 28], [43, 29], [46, 150], [45, 47], [48, 46], [49, 47], [48, 50], [49, 51], [50, 52], [51, 53], [52, 54], [53, 55], [56, 54], [57, 55], [56, 58], [57, 59], [58], [61, 150], [60, 62], [61, 63], [64, 62], [65, 63], [64, 66], [65, 67], [66, 68], [67, 69], [68, 70], [69, 71], [72, 70], [73, 71], [72, 74], [73], [76, 150], [75, 77], [76, 78], [77, 79], [80, 78], [81, 79], [80, 82], [81, 83], [82, 84], [83, 85], [84, 86], [85, 87], [88, 86], [89, 87], [88], [91, 150], [90, 92], [91, 93], [92, 94], [93, 95], [96, 94], [97, 95], [96, 98], [97, 99], [98, 100], [99, 101], [100, 102], [101, 103], [104, 102], [103], [106, 150], [105, 107], [106, 108], [107, 109], [108, 110], [109, 111], [112, 110], [113, 111], [112, 114], [113, 129, 115], [114, 116, 130], [115, 131, 117], [132, 116, 118], [117, 133, 119], [134, 118], [121, 150], [120, 122], [121, 123], [122, 124], [123, 125], [124], [], [], [], [144, 130, 114], [115, 129, 145, 131], [116, 130, 132, 146], [117, 131, 147, 133], [148, 118, 132, 134], [133, 119], [136, 150], [137, 135], [136, 138], [137], [], [], [], [], [], [145, 129], [144, 146, 130], [145, 147, 131], [132, 146, 148], [147, 133], [], [135, 105, 75, 45, 15, 120, 90, 60, 30]] 
layout 	 : 	 
-2.0 -1.0 -1.0 -2.0 -2.0 -2.0 -2.0 -2.0 -2.0 -1.0 -2.0 -2.0 -2.0 -1.0 -2.0 
-1.0 -1.0 -1.0 -1.0 -1.0 -1.0 -2.0 -2.0 -2.0 -1.0 -2.0 -2.0 -2.0 -1.0 -1.0 
-1.0 -1.0 -1.0 -1.0 -1.0 -1.0 -1.0 -1.0 -1.0 -1.0 -1.0 -1.0 -1.0 -1.0 -1.0 
-1.0 -1.0 -1.0 -1.0 -1.0 -1.0 -1.0 -1.0 -1.0 -1.0 -1.0 -1.0 -1.0 -1.0 -1.0 
-1.0 -1.0 -1.0 -1.0 -1.0 -1.0 -1.0 -1.0 -1.0 -1.0 -1.0 -1.0 -1.0 -1.0 -1.0 
-1.0 -1.0 -1.0 -1.0 -1.0 -1.0 -1.0 -1.0 -1.0 -1.0 -1.0 -1.0 -1.0 -1.0 -1.0 
-1.0 -1.0 -1.0 -1.0 -1.0 -1.0 -1.0 -1.0 -1.0 -1.0 -1.0 -1.0 -1.0 -1.0 -1.0 
-1.0 -1.0 -1.0 -1.0 -1.0 -1.0 -1.0 -1.0 -1.0 -1.0 -1.0 -1.0 -1.0 -1.0 -1.0 
-1.0 -1.0 -1.0 -1.0 -1.0 -1.0 -2.0 -2.0 -2.0 -1.0 -1.0 -1.0 -1.0 -1.0 -1.0 
-1.0 -1.0 -1.0 -1.0 -2.0 -2.0 -2.0 -2.0 -2.0 -1.0 -1.0 -1.0 -1.0 -1.0 -2.0 
arrivals 	 : 	  
2.42 6.07 6.31 7.22 13.92 14.35 18.97 20.38 22.85 24.55 26.75 33.1 34.86 39.04 42.27 47.72 61.53 68.12 69.33 69.49 71.01 3.62 3.83 6.57 10.2 11.83 17.73 18.18 18.49 23.7 26.44 31.1 33.38 34.52 41.35 47.78 52.53 53.8 57.37 59.16 59.54 69.51 70.1 82.1 84.47 85.28 88.41 96.66 3.95 8.88 12.11 15.64 21.32 22.18 24.2 24.95 38.13 46.78 46.9 50.57 58.35 58.95 61.47 68.88 68.98 72.57 73.63 81.38 92.0 100.66 1.29 5.25 8.97 9.74 13.27 13.35 15.16 15.68 15.94 16.1 18.48 19.31 21.89 22.03 22.79 24.34 27.47 28.23 30.2 34.54 36.46 36.99 37.04 8.16 8.25 16.56 19.57 30.76 37.17 61.9 63.63 69.46 71.52 74.13 78.08 86.36 102.92 108.77 110.93 113.12 118.47 119.56 120.03 121.78 123.14 124.54 125.61 125.78 125.85 143.45 145.68 147.62 152.18 153.16 23.96 36.31 37.06 41.38 58.28 81.45 86.49 94.09 95.55 37.84 39.94 62.82 71.21 2.81 4.96 5.75 6.33 0.5 0.91 3.94 4.8 0.24 14.15 22.76 33.27 54.39 55.15 57.17 62.85 67.61 68.28 75.05 76.06 0.76 3.07 5.77 8.37 8.66 14.96 15.88 16.3 22.89 32.23 38.18 9.95 16.34 21.14 21.69 24.84 27.64 29.44 37.15 41.26 41.77 43.26 50.16 50.63 13.34 18.12 22.71 28.99 41.18 44.17 52.1 57.94 60.11 74.88 86.05 93.57 106.88 121.02 129.64 142.34 150.71 158.69 165.44 175.22 176.43 12.77 25.09 25.27 35.76 36.58 39.03 47.2 48.25 58.47 69.18 73.43 73.47 75.49 81.25 105.09 111.09 112.89 4.02 7.13 13.18 13.63 19.36 22.48 35.66 37.34 41.34 52.1 52.53 63.6 68.26 68.54 69.97 74.9 75.18 78.67 80.37 84.25 84.43 92.64 107.16 121.04 126.58 127.14 132.82 132.92 133.01 134.57 137.25 143.14 147.74 150.1 151.38 174.79 177.01 179.41 180.12 186.46 191.19 192.19 192.53 197.1 201.35 202.62 214.68 215.33 217.6 229.1 231.28 235.35 237.37 238.66 255.19 257.3 266.28 267.32 268.28 
