nRows 	 : 	 10 
nCols 	 : 	 15 
nCargoes 	 : 	 299 
nCargoTypes 	 : 	 15 
nPorts 	 : 	 6 
handlingtime 	 : 	 5 
noise_perc 	 : 	 0.0 
nintervals 	 : 	 20 
loadingPorts 	 : 	  
1 1 1 1 1 1 1 1 1 1 1 1 1 1 1 1 1 1 1 1 1 1 1 1 1 1 1 1 1 1 1 1 1 1 1 1 1 1 1 1 1 1 1 1 1 1 1 1 1 1 1 1 1 1 1 1 1 1 1 1 1 1 1 1 1 1 1 1 1 1 1 1 1 1 1 1 1 1 1 1 1 1 1 1 1 1 1 1 1 1 1 1 1 1 1 1 1 1 1 1 1 1 1 1 1 1 1 1 1 1 1 1 1 1 1 1 1 1 1 1 1 1 1 1 2 2 2 2 2 2 2 2 2 2 2 2 2 2 2 2 2 2 2 2 2 2 2 2 2 2 3 3 3 3 3 3 3 3 3 3 3 3 3 3 3 3 3 3 3 3 3 3 3 3 3 3 3 3 3 3 3 3 3 3 3 4 4 4 4 4 4 4 4 4 4 4 4 4 4 4 4 4 4 4 4 4 4 4 4 4 4 4 4 4 4 4 4 4 4 4 4 4 4 4 4 4 4 4 4 4 4 4 5 5 5 5 5 5 5 5 5 5 5 5 5 5 5 5 5 5 5 5 5 5 5 5 5 5 5 5 5 5 5 5 5 5 5 5 5 5 5 5 5 5 5 5 5 5 5 5 5 5 5 5 5 5 5 5 5 5 5 5 5 5 5 5 5 5 5 
dischargePorts 	 : 	  
6 4 4 4 5 6 6 3 2 5 2 3 5 3 2 3 3 5 5 6 3 2 5 2 3 4 4 4 3 2 3 5 6 5 3 5 4 5 6 5 2 5 5 3 4 2 2 5 3 2 5 6 2 3 3 4 2 3 6 3 4 5 2 3 2 6 6 6 5 4 2 2 6 4 4 2 3 3 5 3 2 3 3 2 4 3 6 6 5 4 4 3 6 4 6 2 6 2 3 4 3 5 5 6 2 2 5 6 3 5 6 2 6 5 2 4 5 6 6 6 2 5 3 3 4 3 5 4 6 3 4 4 5 3 3 4 4 4 5 3 4 4 4 5 5 3 6 5 6 4 5 6 5 6 4 5 4 6 6 4 5 4 5 4 6 4 4 6 4 4 4 5 6 4 4 4 5 4 5 4 4 6 6 4 6 5 5 6 6 6 6 6 5 5 5 5 6 5 5 5 6 5 5 5 6 6 5 6 6 6 5 5 5 5 6 6 6 6 6 5 5 5 5 5 6 6 5 5 6 5 5 5 6 6 6 6 6 6 6 6 6 6 6 6 6 6 6 6 6 6 6 6 6 6 6 6 6 6 6 6 6 6 6 6 6 6 6 6 6 6 6 6 6 6 6 6 6 6 6 6 6 6 6 6 6 6 6 6 6 6 6 6 6 6 6 6 6 6 6 
adj 	 :
[[], [16, 2], [1, 17], [], [], [], [], [], [], [24], [], [], [], [28], [], [16, 150], [17, 1, 15], [16, 18, 2], [17, 19], [18, 20], [19], [], [], [], [9, 39], [], [], [], [13, 43, 29], [28, 44], [150, 31], [32, 30], [33, 31], [32, 34], [33, 35], [34, 36], [35, 37], [36, 38], [37, 39], [40, 24, 38], [41, 39], [40, 42], [41, 43], [42, 44, 28], [43, 29], [46, 150], [45, 47], [48, 46], [49, 47], [48, 50], [49, 51], [50, 52], [51, 53], [52, 54], [53, 55], [56, 54], [57, 55], [56, 58], [57, 59], [58], [61, 150], [60, 62], [61, 63], [64, 62], [65, 63], [64, 66], [65, 67], [66, 68], [67, 69], [68, 70], [69, 71], [72, 70], [73, 71], [72, 74], [73], [76, 150], [75, 77], [76, 78], [77, 79], [80, 78], [81, 79], [80, 82], [81, 83], [82, 84], [83, 85], [84, 86], [85, 87], [88, 86], [89, 87], [88], [91, 150], [90, 92], [91, 93], [92, 94], [93, 95], [96, 94], [97, 95], [96, 98], [97, 99], [98, 100], [99, 101], [100, 102], [101, 103], [104, 102], [103], [106, 150], [105, 107], [106, 108], [107, 109], [108, 110], [109, 111], [112, 110], [113, 111], [112, 114], [113, 129, 115], [114, 116, 130], [115, 131, 117], [132, 116, 118], [117, 133, 119], [134, 118], [121, 150], [120, 122], [121, 123], [122, 124], [123, 125], [124], [], [], [], [144, 130, 114], [115, 129, 145, 131], [116, 130, 132, 146], [117, 131, 147, 133], [148, 118, 132, 134], [133, 119], [136, 150], [137, 135], [136, 138], [137], [], [], [], [], [], [145, 129], [144, 146, 130], [145, 147, 131], [132, 146, 148], [147, 133], [], [135, 105, 75, 45, 15, 120, 90, 60, 30]] 
layout 	 : 	 
-2.0 -1.0 -1.0 -2.0 -2.0 -2.0 -2.0 -2.0 -2.0 -1.0 -2.0 -2.0 -2.0 -1.0 -2.0 
-1.0 -1.0 -1.0 -1.0 -1.0 -1.0 -2.0 -2.0 -2.0 -1.0 -2.0 -2.0 -2.0 -1.0 -1.0 
-1.0 -1.0 -1.0 -1.0 -1.0 -1.0 -1.0 -1.0 -1.0 -1.0 -1.0 -1.0 -1.0 -1.0 -1.0 
-1.0 -1.0 -1.0 -1.0 -1.0 -1.0 -1.0 -1.0 -1.0 -1.0 -1.0 -1.0 -1.0 -1.0 -1.0 
-1.0 -1.0 -1.0 -1.0 -1.0 -1.0 -1.0 -1.0 -1.0 -1.0 -1.0 -1.0 -1.0 -1.0 -1.0 
-1.0 -1.0 -1.0 -1.0 -1.0 -1.0 -1.0 -1.0 -1.0 -1.0 -1.0 -1.0 -1.0 -1.0 -1.0 
-1.0 -1.0 -1.0 -1.0 -1.0 -1.0 -1.0 -1.0 -1.0 -1.0 -1.0 -1.0 -1.0 -1.0 -1.0 
-1.0 -1.0 -1.0 -1.0 -1.0 -1.0 -1.0 -1.0 -1.0 -1.0 -1.0 -1.0 -1.0 -1.0 -1.0 
-1.0 -1.0 -1.0 -1.0 -1.0 -1.0 -2.0 -2.0 -2.0 -1.0 -1.0 -1.0 -1.0 -1.0 -1.0 
-1.0 -1.0 -1.0 -1.0 -2.0 -2.0 -2.0 -2.0 -2.0 -1.0 -1.0 -1.0 -1.0 -1.0 -2.0 
arrivals 	 : 	  
7.48 21.77 23.31 29.31 42.07 48.42 74.05 79.62 90.71 105.96 106.34 110.01 111.12 112.18 113.98 115.72 121.36 125.16 127.61 128.44 132.29 133.06 137.86 143.21 144.18 148.73 2.6 3.46 3.53 6.3 10.93 12.57 14.67 16.47 17.44 23.56 33.51 33.79 39.16 43.55 54.3 55.17 56.67 64.25 69.63 76.57 86.05 90.26 90.51 93.05 95.08 96.97 98.03 98.62 107.69 2.57 9.93 10.77 19.73 21.19 24.13 27.73 30.78 34.92 36.28 40.14 42.65 48.18 53.78 54.64 58.5 59.43 59.94 62.83 3.13 3.44 6.04 6.07 6.34 8.63 9.34 9.99 11.6 12.03 16.54 24.04 29.85 30.14 30.18 32.8 33.73 37.93 40.76 41.41 43.48 45.15 47.95 47.97 50.14 50.66 1.2 15.07 17.74 21.93 27.26 33.72 34.39 40.59 44.26 60.07 61.76 63.2 68.42 71.13 71.53 78.4 85.31 104.18 110.79 116.07 123.57 129.37 133.98 140.98 13.8 14.04 22.47 31.53 35.98 36.0 8.87 20.76 20.84 35.45 38.18 39.63 45.14 54.81 66.27 66.68 109.59 14.04 14.27 18.44 19.12 20.9 27.19 1.6 2.73 4.25 4.1 4.15 5.04 12.57 15.3 18.75 23.25 43.72 49.21 49.46 70.18 73.92 74.72 75.27 86.46 92.21 94.36 3.16 4.04 6.87 10.74 14.09 17.22 22.89 27.0 4.2 6.3 13.52 15.5 21.34 39.92 45.48 45.74 47.87 49.29 0.37 1.05 6.85 8.6 39.34 53.95 65.77 73.7 80.93 116.14 118.77 119.37 119.39 121.06 130.19 132.12 133.76 133.98 134.31 138.05 144.31 145.59 154.79 167.77 172.77 184.57 188.27 4.03 6.56 14.81 16.59 28.58 28.58 48.75 59.66 59.79 62.17 72.96 80.95 99.69 102.74 116.12 118.73 122.12 132.71 134.29 139.88 3.83 4.36 6.55 10.01 11.06 11.93 13.37 22.75 25.26 27.64 36.72 40.18 42.97 43.39 45.49 47.16 53.4 58.17 61.72 63.46 66.28 66.35 68.75 71.73 71.93 72.89 74.27 74.7 85.1 105.22 107.04 107.32 108.76 111.86 113.25 113.83 123.6 128.93 130.17 131.95 133.16 135.39 142.68 143.07 146.6 156.08 159.87 167.51 168.19 176.06 179.84 182.22 187.56 188.6 188.87 211.02 211.43 219.46 219.51 222.7 225.71 226.63 228.6 239.4 240.12 240.41 246.55 
