nRows 	 : 	 10 
nCols 	 : 	 15 
nCargoes 	 : 	 288 
nCargoTypes 	 : 	 21 
nPorts 	 : 	 7 
handlingtime 	 : 	 5 
noise_perc 	 : 	 0.0 
nintervals 	 : 	 20 
loadingPorts 	 : 	  
1 1 1 1 1 1 1 1 1 1 1 1 1 1 1 1 1 1 1 1 1 1 1 1 1 1 1 1 1 1 1 1 1 1 1 1 1 1 1 1 1 1 1 1 1 1 1 1 1 1 1 1 1 1 1 1 1 1 1 1 1 1 1 1 1 1 1 1 1 1 1 1 1 1 1 1 1 1 1 1 1 1 1 1 1 1 1 1 1 1 1 1 1 1 1 1 1 1 1 1 1 1 1 1 1 1 1 1 1 1 1 1 1 1 1 1 1 1 1 1 1 1 1 1 2 2 2 2 2 2 2 2 2 2 2 2 2 2 2 2 2 2 3 3 3 3 3 3 3 3 3 3 3 3 3 3 3 3 3 3 4 4 4 4 4 4 4 4 4 4 4 4 4 4 4 4 4 4 4 4 4 4 4 4 4 4 4 4 4 4 4 5 5 5 5 5 5 5 5 5 5 5 5 5 5 5 5 5 5 5 5 5 5 5 5 5 5 5 5 5 5 5 5 5 5 5 5 5 5 5 5 6 6 6 6 6 6 6 6 6 6 6 6 6 6 6 6 6 6 6 6 6 6 6 6 6 6 6 6 6 6 6 6 6 6 6 6 6 6 6 6 6 6 6 6 6 6 6 6 6 6 6 6 6 6 6 6 6 
dischargePorts 	 : 	  
6 6 6 5 6 2 6 3 4 4 5 5 5 3 4 5 7 4 2 7 7 7 5 4 2 7 4 2 5 2 4 5 6 4 3 4 6 2 2 4 7 7 7 2 5 2 5 6 4 6 6 5 4 3 6 7 7 7 7 5 4 2 6 3 7 7 3 7 6 6 2 3 2 7 3 4 6 4 5 5 4 7 6 6 6 5 3 7 7 2 4 3 2 5 4 2 4 6 2 5 5 6 7 7 4 2 4 3 7 4 5 6 4 7 5 5 2 3 6 4 5 7 6 7 4 3 4 7 4 3 3 7 4 3 4 3 6 6 5 6 3 6 6 7 4 7 7 5 5 6 6 5 6 7 6 5 7 7 4 5 5 5 6 7 6 5 5 5 6 6 6 6 6 5 7 5 6 6 7 6 6 5 5 7 5 7 5 5 6 7 7 6 6 7 7 7 6 7 7 7 7 7 7 6 7 7 7 6 7 7 7 7 7 6 6 6 7 7 6 7 7 6 7 7 7 7 7 7 6 6 6 7 7 7 7 7 7 7 7 7 7 7 7 7 7 7 7 7 7 7 7 7 7 7 7 7 7 7 7 7 7 7 7 7 7 7 7 7 7 7 7 7 7 7 7 7 7 7 7 7 7 7 7 7 7 7 7 7 
adj 	 :
[[], [16, 2], [1, 17], [], [], [], [], [], [], [24], [], [], [], [28], [], [16, 150], [17, 1, 15], [16, 18, 2], [17, 19], [18, 20], [19], [], [], [], [9, 39], [], [], [], [13, 43, 29], [28, 44], [150, 31], [32, 30], [33, 31], [32, 34], [33, 35], [34, 36], [35, 37], [36, 38], [37, 39], [40, 24, 38], [41, 39], [40, 42], [41, 43], [42, 44, 28], [43, 29], [46, 150], [45, 47], [48, 46], [49, 47], [48, 50], [49, 51], [50, 52], [51, 53], [52, 54], [53, 55], [56, 54], [57, 55], [56, 58], [57, 59], [58], [61, 150], [60, 62], [61, 63], [64, 62], [65, 63], [64, 66], [65, 67], [66, 68], [67, 69], [68, 70], [69, 71], [72, 70], [73, 71], [72, 74], [73], [76, 150], [75, 77], [76, 78], [77, 79], [80, 78], [81, 79], [80, 82], [81, 83], [82, 84], [83, 85], [84, 86], [85, 87], [88, 86], [89, 87], [88], [91, 150], [90, 92], [91, 93], [92, 94], [93, 95], [96, 94], [97, 95], [96, 98], [97, 99], [98, 100], [99, 101], [100, 102], [101, 103], [104, 102], [103], [106, 150], [105, 107], [106, 108], [107, 109], [108, 110], [109, 111], [112, 110], [113, 111], [112, 114], [113, 129, 115], [114, 116, 130], [115, 131, 117], [132, 116, 118], [117, 133, 119], [134, 118], [121, 150], [120, 122], [121, 123], [122, 124], [123, 125], [124], [], [], [], [144, 130, 114], [115, 129, 145, 131], [116, 130, 132, 146], [117, 131, 147, 133], [148, 118, 132, 134], [133, 119], [136, 150], [137, 135], [136, 138], [137], [], [], [], [], [], [145, 129], [144, 146, 130], [145, 147, 131], [132, 146, 148], [147, 133], [], [135, 105, 75, 45, 15, 120, 90, 60, 30]] 
layout 	 : 	 
-2.0 -1.0 -1.0 -2.0 -2.0 -2.0 -2.0 -2.0 -2.0 -1.0 -2.0 -2.0 -2.0 -1.0 -2.0 
-1.0 -1.0 -1.0 -1.0 -1.0 -1.0 -2.0 -2.0 -2.0 -1.0 -2.0 -2.0 -2.0 -1.0 -1.0 
-1.0 -1.0 -1.0 -1.0 -1.0 -1.0 -1.0 -1.0 -1.0 -1.0 -1.0 -1.0 -1.0 -1.0 -1.0 
-1.0 -1.0 -1.0 -1.0 -1.0 -1.0 -1.0 -1.0 -1.0 -1.0 -1.0 -1.0 -1.0 -1.0 -1.0 
-1.0 -1.0 -1.0 -1.0 -1.0 -1.0 -1.0 -1.0 -1.0 -1.0 -1.0 -1.0 -1.0 -1.0 -1.0 
-1.0 -1.0 -1.0 -1.0 -1.0 -1.0 -1.0 -1.0 -1.0 -1.0 -1.0 -1.0 -1.0 -1.0 -1.0 
-1.0 -1.0 -1.0 -1.0 -1.0 -1.0 -1.0 -1.0 -1.0 -1.0 -1.0 -1.0 -1.0 -1.0 -1.0 
-1.0 -1.0 -1.0 -1.0 -1.0 -1.0 -1.0 -1.0 -1.0 -1.0 -1.0 -1.0 -1.0 -1.0 -1.0 
-1.0 -1.0 -1.0 -1.0 -1.0 -1.0 -2.0 -2.0 -2.0 -1.0 -1.0 -1.0 -1.0 -1.0 -1.0 
-1.0 -1.0 -1.0 -1.0 -2.0 -2.0 -2.0 -2.0 -2.0 -1.0 -1.0 -1.0 -1.0 -1.0 -2.0 
arrivals 	 : 	  
10.21 16.52 23.25 36.62 43.72 46.41 49.14 51.77 67.99 68.5 76.66 87.95 102.9 119.25 127.26 128.74 130.79 132.44 4.61 4.73 6.12 10.22 18.37 29.1 31.71 41.59 42.87 53.49 53.5 54.61 6.11 9.53 10.94 12.36 13.74 20.33 26.29 32.76 36.21 37.38 40.51 40.9 44.45 44.76 46.29 47.78 48.83 52.03 54.84 57.46 66.61 75.16 75.37 81.92 6.24 9.49 11.28 11.39 11.46 14.32 14.91 18.7 19.27 22.01 24.44 25.46 26.29 29.63 31.77 31.96 34.64 38.0 38.73 42.56 43.13 48.51 7.92 20.6 24.21 28.43 31.73 31.97 35.9 46.16 57.68 59.95 60.05 61.8 63.79 68.67 71.77 83.32 94.99 96.2 96.42 97.94 104.7 108.82 112.52 0.28 2.5 19.03 23.66 24.44 28.5 35.99 37.35 40.27 41.87 47.32 50.32 56.34 60.45 73.14 76.39 87.01 107.7 129.41 136.19 136.6 151.87 168.24 168.72 176.96 3.74 17.97 19.62 21.16 30.41 34.66 10.77 13.03 14.11 15.14 31.14 3.99 0.84 2.53 10.17 16.56 1.0 3.96 10.39 10.85 5.46 13.05 27.11 36.12 42.05 24.91 37.55 41.04 44.86 48.86 1.88 3.46 10.67 12.04 12.74 14.38 1.72 3.87 4.45 7.89 11.03 13.17 14.12 14.84 16.73 17.31 17.81 18.29 4.25 5.45 21.98 25.55 29.83 36.54 37.76 46.18 47.81 48.62 57.09 58.98 0.29 5.42 26.38 37.77 42.82 44.83 50.09 0.79 1.46 4.42 6.11 6.67 6.72 17.61 18.48 22.17 30.74 35.6 46.55 63.71 2.13 3.73 14.87 21.89 28.9 35.55 38.62 41.17 52.09 59.66 61.02 90.86 92.66 93.05 109.57 129.54 130.78 136.91 140.16 143.98 148.57 167.0 184.52 202.51 219.35 220.14 227.5 9.96 12.92 13.02 15.71 18.38 22.06 32.23 41.14 44.43 54.77 56.4 61.16 62.42 69.16 72.26 73.67 74.68 78.02 80.22 81.89 82.83 83.33 83.6 83.97 85.81 86.19 90.73 101.65 106.53 110.41 118.77 118.99 123.44 125.96 126.68 129.85 131.0 136.68 137.49 141.09 144.65 152.91 153.68 154.64 155.8 155.93 158.99 165.33 170.14 173.96 175.94 177.84 179.45 180.35 184.35 185.3 188.7 
