nRows 	 : 	 10 
nCols 	 : 	 15 
nCargoes 	 : 	 312 
nCargoTypes 	 : 	 21 
nPorts 	 : 	 7 
handlingtime 	 : 	 5 
noise_perc 	 : 	 0.0 
nintervals 	 : 	 20 
loadingPorts 	 : 	  
1 1 1 1 1 1 1 1 1 1 1 1 1 1 1 1 1 1 1 1 1 1 1 1 1 1 1 1 1 1 1 1 1 1 1 1 1 1 1 1 1 1 1 1 1 1 1 1 1 1 1 1 1 1 1 1 1 1 1 1 1 1 1 1 1 1 1 1 1 1 1 1 1 1 1 1 1 1 1 1 1 1 1 1 1 1 1 1 1 1 1 1 1 1 1 1 1 1 1 1 1 1 1 1 1 1 1 1 1 1 1 1 1 1 1 1 1 1 1 1 1 1 1 1 2 2 2 2 2 2 2 2 2 2 2 2 2 2 2 2 2 2 2 2 2 3 3 3 3 3 3 3 3 3 3 3 3 3 3 3 3 3 3 3 3 3 3 3 3 3 3 4 4 4 4 4 4 4 4 4 4 4 4 4 4 4 4 4 4 4 4 4 4 4 4 4 4 4 4 4 4 4 4 4 4 4 4 4 4 4 4 4 5 5 5 5 5 5 5 5 5 5 5 5 5 5 5 5 5 5 5 5 5 5 5 5 5 5 5 5 5 5 5 5 5 5 5 5 5 5 5 5 5 5 5 5 6 6 6 6 6 6 6 6 6 6 6 6 6 6 6 6 6 6 6 6 6 6 6 6 6 6 6 6 6 6 6 6 6 6 6 6 6 6 6 6 6 6 6 6 6 6 6 6 6 6 6 6 6 6 6 6 
dischargePorts 	 : 	  
2 5 2 3 4 4 4 3 2 4 5 7 6 3 6 5 6 6 6 2 5 6 3 4 2 3 6 3 2 6 7 2 3 3 5 3 4 6 4 5 6 2 4 2 7 7 7 6 4 2 2 7 5 4 2 4 3 6 4 2 3 3 2 5 3 7 7 6 5 5 3 7 4 7 2 7 3 4 5 3 6 5 7 2 3 6 7 4 5 7 2 7 5 2 5 6 7 7 7 2 5 4 4 3 3 5 3 7 3 4 3 5 3 2 4 4 4 5 2 4 4 4 6 6 4 7 6 6 4 4 7 4 7 3 5 4 7 6 3 5 3 5 4 7 4 4 7 4 4 4 5 7 4 5 4 5 4 6 4 4 7 7 4 7 5 5 7 6 6 6 6 5 5 5 5 7 6 6 5 7 5 5 6 7 7 5 7 6 6 5 5 6 5 6 7 7 6 7 5 5 5 5 5 7 7 6 5 7 6 6 6 7 6 7 6 6 7 7 7 6 6 7 6 7 7 7 7 6 6 7 7 7 6 6 6 6 7 7 6 7 7 6 7 6 7 6 7 7 7 7 6 6 7 7 7 7 7 7 7 7 7 7 7 7 7 7 7 7 7 7 7 7 7 7 7 7 7 7 7 7 7 7 7 7 7 7 7 7 7 7 7 7 7 7 7 7 7 7 7 7 7 7 7 7 7 7 7 7 7 7 7 7 
adj 	 :
[[], [16, 2], [1, 17], [], [], [], [], [], [], [24], [], [], [], [28], [], [16, 150], [17, 1, 15], [16, 18, 2], [17, 19], [18, 20], [19], [], [], [], [9, 39], [], [], [], [13, 43, 29], [28, 44], [150, 31], [32, 30], [33, 31], [32, 34], [33, 35], [34, 36], [35, 37], [36, 38], [37, 39], [40, 24, 38], [41, 39], [40, 42], [41, 43], [42, 44, 28], [43, 29], [46, 150], [45, 47], [48, 46], [49, 47], [48, 50], [49, 51], [50, 52], [51, 53], [52, 54], [53, 55], [56, 54], [57, 55], [56, 58], [57, 59], [58], [61, 150], [60, 62], [61, 63], [64, 62], [65, 63], [64, 66], [65, 67], [66, 68], [67, 69], [68, 70], [69, 71], [72, 70], [73, 71], [72, 74], [73], [76, 150], [75, 77], [76, 78], [77, 79], [80, 78], [81, 79], [80, 82], [81, 83], [82, 84], [83, 85], [84, 86], [85, 87], [88, 86], [89, 87], [88], [91, 150], [90, 92], [91, 93], [92, 94], [93, 95], [96, 94], [97, 95], [96, 98], [97, 99], [98, 100], [99, 101], [100, 102], [101, 103], [104, 102], [103], [106, 150], [105, 107], [106, 108], [107, 109], [108, 110], [109, 111], [112, 110], [113, 111], [112, 114], [113, 129, 115], [114, 116, 130], [115, 131, 117], [132, 116, 118], [117, 133, 119], [134, 118], [121, 150], [120, 122], [121, 123], [122, 124], [123, 125], [124], [], [], [], [144, 130, 114], [115, 129, 145, 131], [116, 130, 132, 146], [117, 131, 147, 133], [148, 118, 132, 134], [133, 119], [136, 150], [137, 135], [136, 138], [137], [], [], [], [], [], [145, 129], [144, 146, 130], [145, 147, 131], [132, 146, 148], [147, 133], [], [135, 105, 75, 45, 15, 120, 90, 60, 30]] 
layout 	 : 	 
-2.0 -1.0 -1.0 -2.0 -2.0 -2.0 -2.0 -2.0 -2.0 -1.0 -2.0 -2.0 -2.0 -1.0 -2.0 
-1.0 -1.0 -1.0 -1.0 -1.0 -1.0 -2.0 -2.0 -2.0 -1.0 -2.0 -2.0 -2.0 -1.0 -1.0 
-1.0 -1.0 -1.0 -1.0 -1.0 -1.0 -1.0 -1.0 -1.0 -1.0 -1.0 -1.0 -1.0 -1.0 -1.0 
-1.0 -1.0 -1.0 -1.0 -1.0 -1.0 -1.0 -1.0 -1.0 -1.0 -1.0 -1.0 -1.0 -1.0 -1.0 
-1.0 -1.0 -1.0 -1.0 -1.0 -1.0 -1.0 -1.0 -1.0 -1.0 -1.0 -1.0 -1.0 -1.0 -1.0 
-1.0 -1.0 -1.0 -1.0 -1.0 -1.0 -1.0 -1.0 -1.0 -1.0 -1.0 -1.0 -1.0 -1.0 -1.0 
-1.0 -1.0 -1.0 -1.0 -1.0 -1.0 -1.0 -1.0 -1.0 -1.0 -1.0 -1.0 -1.0 -1.0 -1.0 
-1.0 -1.0 -1.0 -1.0 -1.0 -1.0 -1.0 -1.0 -1.0 -1.0 -1.0 -1.0 -1.0 -1.0 -1.0 
-1.0 -1.0 -1.0 -1.0 -1.0 -1.0 -2.0 -2.0 -2.0 -1.0 -1.0 -1.0 -1.0 -1.0 -1.0 
-1.0 -1.0 -1.0 -1.0 -2.0 -2.0 -2.0 -2.0 -2.0 -1.0 -1.0 -1.0 -1.0 -1.0 -2.0 
arrivals 	 : 	  
3.17 5.7 8.07 9.4 10.14 21.47 25.76 38.03 39.43 54.35 56.8 61.68 67.69 72.76 79.67 81.94 88.37 92.56 101.78 111.1 112.54 5.15 6.38 7.06 10.92 17.19 17.8 23.0 23.06 23.6 28.18 29.61 30.9 34.12 34.98 44.01 59.01 70.62 71.2 71.29 76.52 78.39 86.79 92.45 0.98 4.09 6.58 10.78 10.81 14.07 14.85 15.75 26.15 28.15 31.29 35.29 40.13 40.64 45.29 48.04 59.9 61.16 62.25 66.16 68.19 68.49 73.64 78.83 9.44 12.74 15.38 19.13 22.03 24.34 27.83 31.28 31.34 33.45 35.72 36.83 36.83 39.05 42.02 42.04 45.7 46.38 46.74 2.76 7.59 13.32 13.52 34.98 53.71 54.01 59.57 60.47 62.84 71.23 74.42 76.69 79.73 83.84 83.89 84.77 92.3 5.46 12.37 21.36 62.31 73.29 73.79 115.23 122.71 124.31 125.4 147.79 159.29 163.59 172.02 174.37 181.9 192.22 201.18 209.51 15.12 26.09 31.69 1.05 4.66 5.65 8.57 17.86 20.64 20.77 0.71 1.19 1.29 0.39 3.7 4.7 13.18 19.44 24.5 27.9 31.0 30.18 32.43 32.94 32.96 34.39 42.21 43.87 45.28 45.47 45.75 3.73 10.0 11.27 20.48 33.46 4.28 14.39 17.57 21.59 24.13 5.5 6.68 14.68 14.68 28.12 35.4 0.04 0.84 4.43 7.1 13.34 14.36 18.82 19.69 20.82 24.35 24.88 26.74 28.65 28.92 30.02 31.75 32.27 1.09 2.89 14.61 17.75 20.73 32.07 36.4 39.88 40.41 43.03 45.12 52.93 7.16 12.47 15.08 19.32 19.42 23.02 27.49 27.79 29.23 31.3 31.94 47.55 15.09 16.46 16.66 17.75 20.07 21.11 21.55 28.87 32.87 33.8 35.14 36.05 37.72 43.19 43.47 46.12 53.23 56.07 13.37 14.56 28.34 34.96 39.12 48.46 50.29 50.76 89.52 90.24 104.28 104.37 109.97 115.22 116.84 120.28 139.18 140.44 140.95 151.69 155.27 158.38 160.4 168.68 171.99 179.35 0.53 12.23 14.57 17.12 20.44 20.82 23.4 25.21 26.37 32.46 33.9 39.49 40.18 41.44 41.77 43.17 44.81 48.86 51.52 52.48 64.15 65.2 66.28 66.46 71.82 75.21 77.51 78.46 78.86 92.4 96.56 97.7 104.44 106.4 108.82 116.65 118.15 122.61 128.06 128.48 128.56 129.89 130.83 136.02 136.51 138.73 138.76 140.77 144.75 159.59 162.67 162.84 164.61 166.61 167.06 168.21 
