nRows 	 : 	 10 
nCols 	 : 	 15 
nCargoes 	 : 	 277 
nCargoTypes 	 : 	 21 
nPorts 	 : 	 7 
handlingtime 	 : 	 5 
noise_perc 	 : 	 0.0 
nintervals 	 : 	 20 
loadingPorts 	 : 	  
1 1 1 1 1 1 1 1 1 1 1 1 1 1 1 1 1 1 1 1 1 1 1 1 1 1 1 1 1 1 1 1 1 1 1 1 1 1 1 1 1 1 1 1 1 1 1 1 1 1 1 1 1 1 1 1 1 1 1 1 1 1 1 1 1 1 1 1 1 1 1 1 1 1 1 1 1 1 1 1 1 1 1 1 1 1 1 1 1 1 1 1 1 1 1 1 1 1 1 1 1 1 1 1 1 1 1 1 1 1 1 1 1 1 1 1 1 1 1 1 1 1 1 1 2 2 2 2 2 2 2 2 2 2 2 2 2 3 3 3 3 3 3 3 3 3 3 3 3 3 3 3 3 3 3 3 4 4 4 4 4 4 4 4 4 4 4 4 4 4 4 4 4 4 4 4 4 4 4 4 4 4 4 4 4 5 5 5 5 5 5 5 5 5 5 5 5 5 5 5 5 5 5 5 5 5 5 5 5 5 5 5 5 5 5 5 5 5 5 5 5 6 6 6 6 6 6 6 6 6 6 6 6 6 6 6 6 6 6 6 6 6 6 6 6 6 6 6 6 6 6 6 6 6 6 6 6 6 6 6 6 6 6 6 6 6 6 6 6 6 6 6 6 6 6 6 6 
dischargePorts 	 : 	  
7 2 5 7 5 5 5 3 4 7 6 5 4 7 7 7 5 4 3 3 7 3 7 5 7 5 6 5 6 5 6 6 4 2 6 7 7 2 6 4 5 2 6 3 6 4 7 6 4 5 3 4 7 7 3 4 5 5 7 2 3 5 4 4 6 3 2 7 3 2 2 6 4 4 7 7 6 7 2 7 2 5 7 7 6 7 5 2 7 3 4 4 5 4 3 7 4 6 4 3 3 7 7 2 3 7 7 4 5 4 4 5 6 6 6 2 3 5 6 4 6 7 6 6 4 7 5 7 6 4 6 6 5 3 4 3 3 5 5 7 6 5 7 7 7 5 7 4 7 4 4 4 7 7 7 6 5 6 5 6 5 5 7 6 7 6 6 5 5 6 5 6 6 7 5 6 6 7 6 6 7 7 7 6 5 7 6 7 6 7 7 7 6 6 6 6 6 7 7 7 7 7 7 6 6 6 6 7 6 7 7 7 6 6 7 6 7 7 6 7 7 7 7 7 7 7 7 7 7 7 7 7 7 7 7 7 7 7 7 7 7 7 7 7 7 7 7 7 7 7 7 7 7 7 7 7 7 7 7 7 7 7 7 7 7 7 7 7 7 7 7 7 7 7 7 7 7 
adj 	 :
[[], [16, 2], [1, 17], [], [], [], [], [], [], [24], [], [], [], [28], [], [16, 150], [17, 1, 15], [16, 18, 2], [17, 19], [18, 20], [19], [], [], [], [9, 39], [], [], [], [13, 43, 29], [28, 44], [150, 31], [32, 30], [33, 31], [32, 34], [33, 35], [34, 36], [35, 37], [36, 38], [37, 39], [40, 24, 38], [41, 39], [40, 42], [41, 43], [42, 44, 28], [43, 29], [46, 150], [45, 47], [48, 46], [49, 47], [48, 50], [49, 51], [50, 52], [51, 53], [52, 54], [53, 55], [56, 54], [57, 55], [56, 58], [57, 59], [58], [61, 150], [60, 62], [61, 63], [64, 62], [65, 63], [64, 66], [65, 67], [66, 68], [67, 69], [68, 70], [69, 71], [72, 70], [73, 71], [72, 74], [73], [76, 150], [75, 77], [76, 78], [77, 79], [80, 78], [81, 79], [80, 82], [81, 83], [82, 84], [83, 85], [84, 86], [85, 87], [88, 86], [89, 87], [88], [91, 150], [90, 92], [91, 93], [92, 94], [93, 95], [96, 94], [97, 95], [96, 98], [97, 99], [98, 100], [99, 101], [100, 102], [101, 103], [104, 102], [103], [106, 150], [105, 107], [106, 108], [107, 109], [108, 110], [109, 111], [112, 110], [113, 111], [112, 114], [113, 129, 115], [114, 116, 130], [115, 131, 117], [132, 116, 118], [117, 133, 119], [134, 118], [121, 150], [120, 122], [121, 123], [122, 124], [123, 125], [124], [], [], [], [144, 130, 114], [115, 129, 145, 131], [116, 130, 132, 146], [117, 131, 147, 133], [148, 118, 132, 134], [133, 119], [136, 150], [137, 135], [136, 138], [137], [], [], [], [], [], [145, 129], [144, 146, 130], [145, 147, 131], [132, 146, 148], [147, 133], [], [135, 105, 75, 45, 15, 120, 90, 60, 30]] 
layout 	 : 	 
-2.0 -1.0 -1.0 -2.0 -2.0 -2.0 -2.0 -2.0 -2.0 -1.0 -2.0 -2.0 -2.0 -1.0 -2.0 
-1.0 -1.0 -1.0 -1.0 -1.0 -1.0 -2.0 -2.0 -2.0 -1.0 -2.0 -2.0 -2.0 -1.0 -1.0 
-1.0 -1.0 -1.0 -1.0 -1.0 -1.0 -1.0 -1.0 -1.0 -1.0 -1.0 -1.0 -1.0 -1.0 -1.0 
-1.0 -1.0 -1.0 -1.0 -1.0 -1.0 -1.0 -1.0 -1.0 -1.0 -1.0 -1.0 -1.0 -1.0 -1.0 
-1.0 -1.0 -1.0 -1.0 -1.0 -1.0 -1.0 -1.0 -1.0 -1.0 -1.0 -1.0 -1.0 -1.0 -1.0 
-1.0 -1.0 -1.0 -1.0 -1.0 -1.0 -1.0 -1.0 -1.0 -1.0 -1.0 -1.0 -1.0 -1.0 -1.0 
-1.0 -1.0 -1.0 -1.0 -1.0 -1.0 -1.0 -1.0 -1.0 -1.0 -1.0 -1.0 -1.0 -1.0 -1.0 
-1.0 -1.0 -1.0 -1.0 -1.0 -1.0 -1.0 -1.0 -1.0 -1.0 -1.0 -1.0 -1.0 -1.0 -1.0 
-1.0 -1.0 -1.0 -1.0 -1.0 -1.0 -2.0 -2.0 -2.0 -1.0 -1.0 -1.0 -1.0 -1.0 -1.0 
-1.0 -1.0 -1.0 -1.0 -2.0 -2.0 -2.0 -2.0 -2.0 -1.0 -1.0 -1.0 -1.0 -1.0 -2.0 
arrivals 	 : 	  
0.98 3.16 15.3 18.14 19.13 26.1 26.36 26.79 26.99 30.12 34.75 35.75 39.41 4.95 15.31 18.33 32.51 35.68 35.71 38.27 41.22 41.88 46.13 46.69 49.11 65.26 65.83 66.08 66.36 0.3 5.44 8.42 13.01 13.25 23.98 30.41 33.39 41.33 42.86 44.87 48.34 49.34 52.72 54.78 59.47 60.22 64.33 66.15 67.72 75.4 75.89 0.28 1.24 2.8 8.58 9.36 9.57 15.46 19.35 19.4 19.65 23.19 23.49 25.17 26.47 27.2 27.32 32.84 37.53 40.09 42.22 43.21 14.55 19.51 22.23 23.81 24.3 38.62 39.9 40.73 41.7 47.42 59.01 61.8 66.14 67.85 68.4 72.97 74.96 75.06 77.84 80.84 81.85 81.86 4.73 10.36 11.04 24.88 27.08 27.16 29.2 29.9 43.89 53.92 56.17 56.69 61.15 70.94 81.07 82.79 93.57 118.69 124.5 128.99 129.18 134.84 144.12 145.31 154.24 154.56 159.08 174.49 178.88 179.62 0.47 1.34 6.65 3.37 3.65 9.01 3.0 3.12 1.56 3.45 6.24 1.79 3.68 0.66 3.47 3.6 7.17 15.65 26.12 28.13 37.33 2.27 6.38 0.21 3.7 5.03 6.42 6.96 15.9 18.3 22.51 29.14 0.67 1.3 2.28 3.37 8.76 12.8 13.98 14.04 14.26 1.09 2.45 11.15 22.49 22.64 26.89 35.08 37.81 41.54 43.22 48.6 49.07 57.71 9.88 11.16 17.26 27.98 31.79 37.0 37.69 1.86 8.39 10.26 12.15 12.8 12.92 15.79 18.28 18.63 22.69 23.3 24.58 26.55 29.64 32.56 36.86 2.36 7.11 15.13 20.12 30.36 32.85 38.39 40.36 44.46 56.09 56.85 58.68 69.67 75.52 87.82 113.62 137.13 158.06 163.68 164.36 4.05 6.54 10.65 12.47 12.98 29.51 36.12 41.01 42.6 43.32 44.36 47.29 48.14 52.97 53.03 54.99 58.96 62.41 64.05 67.6 68.97 69.77 74.38 78.27 81.95 82.04 82.86 84.26 86.87 87.15 87.94 92.96 97.15 102.06 103.1 107.65 108.42 109.44 115.11 119.2 120.42 122.93 126.54 126.83 126.99 132.95 135.93 142.05 142.32 148.35 148.48 158.0 158.77 162.95 164.49 166.04 
