nRows 	 : 	 10 
nCols 	 : 	 15 
nCargoes 	 : 	 246 
nCargoTypes 	 : 	 10 
nPorts 	 : 	 5 
handlingtime 	 : 	 5 
noise_perc 	 : 	 0.0 
nintervals 	 : 	 20 
loadingPorts 	 : 	  
1 1 1 1 1 1 1 1 1 1 1 1 1 1 1 1 1 1 1 1 1 1 1 1 1 1 1 1 1 1 1 1 1 1 1 1 1 1 1 1 1 1 1 1 1 1 1 1 1 1 1 1 1 1 1 1 1 1 1 1 1 1 1 1 1 1 1 1 1 1 1 1 1 1 1 1 1 1 1 1 1 1 1 1 1 1 1 1 1 1 1 1 1 1 1 1 1 1 1 1 1 1 1 1 1 1 1 1 1 1 1 1 1 1 1 1 1 1 1 1 1 1 1 1 2 2 2 2 2 2 2 2 2 2 2 2 2 2 2 2 2 2 2 2 2 2 2 2 2 2 2 3 3 3 3 3 3 3 3 3 3 3 3 3 3 3 3 3 3 3 3 3 3 3 3 3 3 3 3 3 3 3 3 3 3 3 3 3 3 3 3 3 4 4 4 4 4 4 4 4 4 4 4 4 4 4 4 4 4 4 4 4 4 4 4 4 4 4 4 4 4 4 4 4 4 4 4 4 4 4 4 4 4 4 4 4 4 4 4 4 4 4 4 4 4 4 
dischargePorts 	 : 	  
5 4 2 5 3 4 5 2 2 2 4 3 4 4 2 4 3 3 5 5 2 3 3 2 5 4 3 4 4 3 2 2 5 5 4 5 4 2 2 3 5 5 5 5 2 2 2 5 5 3 4 2 5 5 5 5 5 2 4 3 5 5 5 5 3 5 2 5 5 2 5 3 3 5 2 2 2 3 5 5 3 4 3 5 4 5 2 5 2 5 3 2 3 4 3 4 4 3 4 3 4 2 5 4 4 4 4 3 2 4 3 3 5 4 3 3 3 3 3 2 3 5 4 5 4 3 4 3 3 4 4 4 4 4 3 4 5 5 3 3 4 4 4 5 5 5 3 3 3 3 4 5 4 4 5 4 5 4 4 5 4 5 5 4 4 4 5 5 4 4 5 4 5 5 5 5 5 5 5 5 5 5 5 5 5 4 4 4 5 5 5 5 5 5 5 5 5 5 5 5 5 5 5 5 5 5 5 5 5 5 5 5 5 5 5 5 5 5 5 5 5 5 5 5 5 5 5 5 5 5 5 5 5 5 5 5 5 5 5 5 5 5 5 5 5 5 
adj 	 :
[[], [16, 2], [1, 17], [], [], [], [], [], [], [24], [], [], [], [28], [], [16, 150], [17, 1, 15], [16, 18, 2], [17, 19], [18, 20], [19], [], [], [], [9, 39], [], [], [], [13, 43, 29], [28, 44], [150, 31], [32, 30], [33, 31], [32, 34], [33, 35], [34, 36], [35, 37], [36, 38], [37, 39], [40, 24, 38], [41, 39], [40, 42], [41, 43], [42, 44, 28], [43, 29], [46, 150], [45, 47], [48, 46], [49, 47], [48, 50], [49, 51], [50, 52], [51, 53], [52, 54], [53, 55], [56, 54], [57, 55], [56, 58], [57, 59], [58], [61, 150], [60, 62], [61, 63], [64, 62], [65, 63], [64, 66], [65, 67], [66, 68], [67, 69], [68, 70], [69, 71], [72, 70], [73, 71], [72, 74], [73], [76, 150], [75, 77], [76, 78], [77, 79], [80, 78], [81, 79], [80, 82], [81, 83], [82, 84], [83, 85], [84, 86], [85, 87], [88, 86], [89, 87], [88], [91, 150], [90, 92], [91, 93], [92, 94], [93, 95], [96, 94], [97, 95], [96, 98], [97, 99], [98, 100], [99, 101], [100, 102], [101, 103], [104, 102], [103], [106, 150], [105, 107], [106, 108], [107, 109], [108, 110], [109, 111], [112, 110], [113, 111], [112, 114], [113, 129, 115], [114, 116, 130], [115, 131, 117], [132, 116, 118], [117, 133, 119], [134, 118], [121, 150], [120, 122], [121, 123], [122, 124], [123, 125], [124], [], [], [], [144, 130, 114], [115, 129, 145, 131], [116, 130, 132, 146], [117, 131, 147, 133], [148, 118, 132, 134], [133, 119], [136, 150], [137, 135], [136, 138], [137], [], [], [], [], [], [145, 129], [144, 146, 130], [145, 147, 131], [132, 146, 148], [147, 133], [], [135, 105, 75, 45, 15, 120, 90, 60, 30]] 
layout 	 : 	 
-2.0 -1.0 -1.0 -2.0 -2.0 -2.0 -2.0 -2.0 -2.0 -1.0 -2.0 -2.0 -2.0 -1.0 -2.0 
-1.0 -1.0 -1.0 -1.0 -1.0 -1.0 -2.0 -2.0 -2.0 -1.0 -2.0 -2.0 -2.0 -1.0 -1.0 
-1.0 -1.0 -1.0 -1.0 -1.0 -1.0 -1.0 -1.0 -1.0 -1.0 -1.0 -1.0 -1.0 -1.0 -1.0 
-1.0 -1.0 -1.0 -1.0 -1.0 -1.0 -1.0 -1.0 -1.0 -1.0 -1.0 -1.0 -1.0 -1.0 -1.0 
-1.0 -1.0 -1.0 -1.0 -1.0 -1.0 -1.0 -1.0 -1.0 -1.0 -1.0 -1.0 -1.0 -1.0 -1.0 
-1.0 -1.0 -1.0 -1.0 -1.0 -1.0 -1.0 -1.0 -1.0 -1.0 -1.0 -1.0 -1.0 -1.0 -1.0 
-1.0 -1.0 -1.0 -1.0 -1.0 -1.0 -1.0 -1.0 -1.0 -1.0 -1.0 -1.0 -1.0 -1.0 -1.0 
-1.0 -1.0 -1.0 -1.0 -1.0 -1.0 -1.0 -1.0 -1.0 -1.0 -1.0 -1.0 -1.0 -1.0 -1.0 
-1.0 -1.0 -1.0 -1.0 -1.0 -1.0 -2.0 -2.0 -2.0 -1.0 -1.0 -1.0 -1.0 -1.0 -1.0 
-1.0 -1.0 -1.0 -1.0 -2.0 -2.0 -2.0 -2.0 -2.0 -1.0 -1.0 -1.0 -1.0 -1.0 -2.0 
arrivals 	 : 	  
1.15 2.88 14.21 14.28 14.73 15.89 16.03 17.03 21.4 24.14 35.3 43.8 45.89 47.39 49.78 54.24 55.8 60.7 63.33 67.34 70.21 71.95 86.78 93.99 94.75 104.89 108.23 9.0 15.43 17.65 17.74 18.99 22.11 26.13 27.32 27.92 35.12 51.77 54.75 55.5 56.78 56.85 66.68 67.18 70.62 71.9 75.13 79.34 86.43 87.35 87.39 87.98 97.19 105.48 109.12 112.79 117.16 117.93 7.37 9.0 10.45 12.65 12.79 13.34 17.36 17.61 20.39 21.23 22.71 23.73 25.05 28.86 29.92 32.43 34.36 37.63 45.92 49.88 50.6 50.7 51.61 54.32 54.48 56.54 59.26 0.81 3.76 3.99 4.14 6.75 8.12 10.45 11.59 12.16 15.58 18.79 21.16 21.8 23.58 24.48 24.67 29.65 29.95 35.95 37.13 37.54 39.1 43.23 45.86 49.15 51.3 53.66 57.44 58.01 59.36 59.86 68.65 74.42 74.5 76.94 82.13 82.53 84.21 89.15 0.14 4.92 6.33 16.66 30.83 42.38 44.95 52.87 60.32 61.86 14.12 14.43 21.68 23.77 24.8 25.44 34.98 38.3 48.62 49.16 52.19 58.39 12.51 15.58 23.45 40.82 48.47 0.8 0.87 6.99 7.06 13.29 15.55 23.94 28.75 47.3 48.59 52.97 54.51 56.47 59.43 65.64 8.28 11.21 12.29 13.38 16.06 16.6 16.84 17.71 18.39 19.09 19.62 19.71 19.75 28.55 29.66 30.63 32.91 33.4 39.39 42.48 42.67 43.75 47.97 53.76 55.02 56.93 0.73 19.65 20.7 32.14 36.34 40.08 42.96 44.01 44.78 45.78 46.6 52.65 54.38 54.62 68.52 77.13 87.64 108.76 109.53 111.55 117.23 121.99 122.66 129.43 130.44 131.46 134.54 138.13 141.6 141.98 150.38 151.62 152.17 160.96 173.42 181.34 187.98 192.24 195.44 195.8 197.9 199.77 200.97 206.11 208.85 209.19 210.18 214.78 215.1 222.72 225.45 228.07 231.66 238.63 
