nRows 	 : 	 10 
nCols 	 : 	 15 
nCargoes 	 : 	 217 
nCargoTypes 	 : 	 6 
nPorts 	 : 	 4 
handlingtime 	 : 	 5 
noise_perc 	 : 	 0.0 
nintervals 	 : 	 20 
loadingPorts 	 : 	  
1 1 1 1 1 1 1 1 1 1 1 1 1 1 1 1 1 1 1 1 1 1 1 1 1 1 1 1 1 1 1 1 1 1 1 1 1 1 1 1 1 1 1 1 1 1 1 1 1 1 1 1 1 1 1 1 1 1 1 1 1 1 1 1 1 1 1 1 1 1 1 1 1 1 1 1 1 1 1 1 1 1 1 1 1 1 1 1 1 1 1 1 1 1 1 1 1 1 1 1 1 1 1 1 1 1 1 1 1 1 1 1 1 1 1 1 1 1 1 1 1 1 1 1 2 2 2 2 2 2 2 2 2 2 2 2 2 2 2 2 2 2 2 2 2 2 2 2 2 2 2 2 2 2 2 2 2 2 3 3 3 3 3 3 3 3 3 3 3 3 3 3 3 3 3 3 3 3 3 3 3 3 3 3 3 3 3 3 3 3 3 3 3 3 3 3 3 3 3 3 3 3 3 3 3 3 3 3 3 3 3 3 3 3 3 3 3 
dischargePorts 	 : 	  
3 3 2 2 4 3 3 4 4 2 4 3 2 4 4 2 4 4 2 3 4 2 3 2 2 4 4 3 4 3 3 3 4 4 3 3 3 4 4 4 2 3 4 3 3 2 2 2 4 2 3 2 4 4 2 2 2 3 2 2 4 4 2 3 3 4 3 3 4 4 4 3 4 2 4 2 3 3 3 3 3 2 3 3 4 3 2 4 4 4 3 3 2 4 3 2 3 2 3 3 4 3 2 3 4 2 2 3 4 4 4 2 3 2 3 4 3 4 4 3 3 2 4 4 4 4 4 4 3 3 4 3 4 4 3 4 4 4 3 3 3 4 3 3 4 3 4 4 3 4 4 4 4 4 3 4 4 3 4 4 4 4 4 4 4 4 4 4 4 4 4 4 4 4 4 4 4 4 4 4 4 4 4 4 4 4 4 4 4 4 4 4 4 4 4 4 4 4 4 4 4 4 4 4 4 4 4 4 4 4 4 4 4 4 4 4 4 
adj 	 :
[[], [16, 2], [1, 17], [], [], [], [], [], [], [24], [], [], [], [28], [], [16, 150], [17, 1, 15], [16, 18, 2], [17, 19], [18, 20], [19], [], [], [], [9, 39], [], [], [], [13, 43, 29], [28, 44], [150, 31], [32, 30], [33, 31], [32, 34], [33, 35], [34, 36], [35, 37], [36, 38], [37, 39], [40, 24, 38], [41, 39], [40, 42], [41, 43], [42, 44, 28], [43, 29], [46, 150], [45, 47], [48, 46], [49, 47], [48, 50], [49, 51], [50, 52], [51, 53], [52, 54], [53, 55], [56, 54], [57, 55], [56, 58], [57, 59], [58], [61, 150], [60, 62], [61, 63], [64, 62], [65, 63], [64, 66], [65, 67], [66, 68], [67, 69], [68, 70], [69, 71], [72, 70], [73, 71], [72, 74], [73], [76, 150], [75, 77], [76, 78], [77, 79], [80, 78], [81, 79], [80, 82], [81, 83], [82, 84], [83, 85], [84, 86], [85, 87], [88, 86], [89, 87], [88], [91, 150], [90, 92], [91, 93], [92, 94], [93, 95], [96, 94], [97, 95], [96, 98], [97, 99], [98, 100], [99, 101], [100, 102], [101, 103], [104, 102], [103], [106, 150], [105, 107], [106, 108], [107, 109], [108, 110], [109, 111], [112, 110], [113, 111], [112, 114], [113, 129, 115], [114, 116, 130], [115, 131, 117], [132, 116, 118], [117, 133, 119], [134, 118], [121, 150], [120, 122], [121, 123], [122, 124], [123, 125], [124], [], [], [], [144, 130, 114], [115, 129, 145, 131], [116, 130, 132, 146], [117, 131, 147, 133], [148, 118, 132, 134], [133, 119], [136, 150], [137, 135], [136, 138], [137], [], [], [], [], [], [145, 129], [144, 146, 130], [145, 147, 131], [132, 146, 148], [147, 133], [], [135, 105, 75, 45, 15, 120, 90, 60, 30]] 
layout 	 : 	 
-2.0 -1.0 -1.0 -2.0 -2.0 -2.0 -2.0 -2.0 -2.0 -1.0 -2.0 -2.0 -2.0 -1.0 -2.0 
-1.0 -1.0 -1.0 -1.0 -1.0 -1.0 -2.0 -2.0 -2.0 -1.0 -2.0 -2.0 -2.0 -1.0 -1.0 
-1.0 -1.0 -1.0 -1.0 -1.0 -1.0 -1.0 -1.0 -1.0 -1.0 -1.0 -1.0 -1.0 -1.0 -1.0 
-1.0 -1.0 -1.0 -1.0 -1.0 -1.0 -1.0 -1.0 -1.0 -1.0 -1.0 -1.0 -1.0 -1.0 -1.0 
-1.0 -1.0 -1.0 -1.0 -1.0 -1.0 -1.0 -1.0 -1.0 -1.0 -1.0 -1.0 -1.0 -1.0 -1.0 
-1.0 -1.0 -1.0 -1.0 -1.0 -1.0 -1.0 -1.0 -1.0 -1.0 -1.0 -1.0 -1.0 -1.0 -1.0 
-1.0 -1.0 -1.0 -1.0 -1.0 -1.0 -1.0 -1.0 -1.0 -1.0 -1.0 -1.0 -1.0 -1.0 -1.0 
-1.0 -1.0 -1.0 -1.0 -1.0 -1.0 -1.0 -1.0 -1.0 -1.0 -1.0 -1.0 -1.0 -1.0 -1.0 
-1.0 -1.0 -1.0 -1.0 -1.0 -1.0 -2.0 -2.0 -2.0 -1.0 -1.0 -1.0 -1.0 -1.0 -1.0 
-1.0 -1.0 -1.0 -1.0 -2.0 -2.0 -2.0 -2.0 -2.0 -1.0 -1.0 -1.0 -1.0 -1.0 -2.0 
arrivals 	 : 	  
2.52 4.62 15.43 17.0 19.05 25.45 30.74 33.46 36.83 41.29 51.39 53.3 55.01 60.56 63.03 67.78 69.77 72.93 78.4 85.42 91.46 112.12 113.56 120.15 121.37 125.95 132.81 136.64 137.83 144.8 159.94 161.05 163.77 170.72 7.98 10.45 14.41 15.21 15.79 19.08 33.58 37.5 42.84 51.94 52.12 53.14 57.3 63.45 66.23 66.26 66.79 66.87 67.91 72.82 74.1 82.32 83.83 83.93 85.05 87.86 89.29 93.44 93.54 97.54 99.22 99.31 109.07 120.8 123.78 131.56 133.94 142.43 142.46 148.97 155.97 157.54 172.16 192.83 194.5 196.74 2.3 3.9 4.49 9.37 12.96 15.91 16.1 18.85 20.86 23.26 34.02 38.5 38.97 42.91 43.05 43.74 45.71 47.01 47.03 47.59 53.19 54.06 54.2 55.81 57.2 61.66 62.98 64.13 65.5 66.88 67.37 71.78 75.51 83.57 85.32 86.33 86.38 87.37 88.42 89.23 92.15 94.92 96.4 98.73 2.6 5.44 12.46 13.13 14.1 17.02 18.06 19.01 23.78 24.13 26.5 28.58 29.3 5.94 13.68 18.32 24.53 25.79 27.59 27.73 33.08 34.37 38.65 39.32 40.58 42.14 49.62 51.07 54.31 54.33 62.5 67.54 72.93 83.63 11.36 15.66 20.02 24.24 50.19 51.01 64.05 82.12 106.05 132.2 145.03 147.38 150.66 153.32 162.54 162.77 165.56 173.76 190.05 211.52 216.74 236.49 239.05 260.29 260.31 262.54 278.85 287.96 291.72 295.5 299.18 316.76 332.66 349.91 359.09 362.22 370.57 371.6 381.09 381.9 385.99 389.95 392.76 401.28 408.79 415.77 440.16 462.97 463.54 481.0 505.95 518.96 526.12 526.56 526.86 538.3 540.66 555.81 558.07 
