nRows 	 : 	 10 
nCols 	 : 	 15 
nCargoes 	 : 	 239 
nCargoTypes 	 : 	 6 
nPorts 	 : 	 4 
handlingtime 	 : 	 5 
noise_perc 	 : 	 0.0 
nintervals 	 : 	 20 
loadingPorts 	 : 	  
1 1 1 1 1 1 1 1 1 1 1 1 1 1 1 1 1 1 1 1 1 1 1 1 1 1 1 1 1 1 1 1 1 1 1 1 1 1 1 1 1 1 1 1 1 1 1 1 1 1 1 1 1 1 1 1 1 1 1 1 1 1 1 1 1 1 1 1 1 1 1 1 1 1 1 1 1 1 1 1 1 1 1 1 1 1 1 1 1 1 1 1 1 1 1 1 1 1 1 1 1 1 1 1 1 1 1 1 1 1 1 1 1 1 1 1 1 1 1 1 1 1 1 1 2 2 2 2 2 2 2 2 2 2 2 2 2 2 2 2 2 2 2 2 2 2 2 2 2 2 2 2 2 2 2 2 2 2 2 2 2 2 2 2 2 2 2 2 2 2 3 3 3 3 3 3 3 3 3 3 3 3 3 3 3 3 3 3 3 3 3 3 3 3 3 3 3 3 3 3 3 3 3 3 3 3 3 3 3 3 3 3 3 3 3 3 3 3 3 3 3 3 3 3 3 3 3 3 3 3 3 3 3 3 3 3 3 3 3 
dischargePorts 	 : 	  
3 3 4 2 4 4 2 2 2 3 2 4 3 2 2 2 2 2 4 4 2 2 3 3 3 3 3 4 3 3 4 2 3 4 4 2 2 4 3 3 2 4 3 4 4 4 2 3 3 2 4 4 3 3 2 4 3 4 2 2 2 3 3 2 2 2 2 2 2 3 4 3 3 3 2 3 2 2 2 4 2 4 4 3 2 4 3 4 2 3 2 3 3 2 2 3 4 3 4 2 3 3 3 3 3 4 2 4 3 4 3 2 4 4 2 2 4 3 2 3 2 3 4 2 4 3 3 4 3 4 4 3 4 4 3 4 4 3 4 3 3 3 3 3 3 4 4 4 4 4 4 3 3 3 4 3 3 3 4 3 4 3 4 4 3 3 3 3 3 4 4 4 4 4 4 4 4 4 4 4 4 4 4 4 4 4 4 4 4 4 4 4 4 4 4 4 4 4 4 4 4 4 4 4 4 4 4 4 4 4 4 4 4 4 4 4 4 4 4 4 4 4 4 4 4 4 4 4 4 4 4 4 4 4 4 4 4 4 4 
adj 	 :
[[], [16, 2], [1, 17], [], [], [], [], [], [], [24], [], [], [], [28], [], [16, 150], [17, 1, 15], [16, 18, 2], [17, 19], [18, 20], [19], [], [], [], [9, 39], [], [], [], [13, 43, 29], [28, 44], [150, 31], [32, 30], [33, 31], [32, 34], [33, 35], [34, 36], [35, 37], [36, 38], [37, 39], [40, 24, 38], [41, 39], [40, 42], [41, 43], [42, 44, 28], [43, 29], [46, 150], [45, 47], [48, 46], [49, 47], [48, 50], [49, 51], [50, 52], [51, 53], [52, 54], [53, 55], [56, 54], [57, 55], [56, 58], [57, 59], [58], [61, 150], [60, 62], [61, 63], [64, 62], [65, 63], [64, 66], [65, 67], [66, 68], [67, 69], [68, 70], [69, 71], [72, 70], [73, 71], [72, 74], [73], [76, 150], [75, 77], [76, 78], [77, 79], [80, 78], [81, 79], [80, 82], [81, 83], [82, 84], [83, 85], [84, 86], [85, 87], [88, 86], [89, 87], [88], [91, 150], [90, 92], [91, 93], [92, 94], [93, 95], [96, 94], [97, 95], [96, 98], [97, 99], [98, 100], [99, 101], [100, 102], [101, 103], [104, 102], [103], [106, 150], [105, 107], [106, 108], [107, 109], [108, 110], [109, 111], [112, 110], [113, 111], [112, 114], [113, 129, 115], [114, 116, 130], [115, 131, 117], [132, 116, 118], [117, 133, 119], [134, 118], [121, 150], [120, 122], [121, 123], [122, 124], [123, 125], [124], [], [], [], [144, 130, 114], [115, 129, 145, 131], [116, 130, 132, 146], [117, 131, 147, 133], [148, 118, 132, 134], [133, 119], [136, 150], [137, 135], [136, 138], [137], [], [], [], [], [], [145, 129], [144, 146, 130], [145, 147, 131], [132, 146, 148], [147, 133], [], [135, 105, 75, 45, 15, 120, 90, 60, 30]] 
layout 	 : 	 
-2.0 -1.0 -1.0 -2.0 -2.0 -2.0 -2.0 -2.0 -2.0 -1.0 -2.0 -2.0 -2.0 -1.0 -2.0 
-1.0 -1.0 -1.0 -1.0 -1.0 -1.0 -2.0 -2.0 -2.0 -1.0 -2.0 -2.0 -2.0 -1.0 -1.0 
-1.0 -1.0 -1.0 -1.0 -1.0 -1.0 -1.0 -1.0 -1.0 -1.0 -1.0 -1.0 -1.0 -1.0 -1.0 
-1.0 -1.0 -1.0 -1.0 -1.0 -1.0 -1.0 -1.0 -1.0 -1.0 -1.0 -1.0 -1.0 -1.0 -1.0 
-1.0 -1.0 -1.0 -1.0 -1.0 -1.0 -1.0 -1.0 -1.0 -1.0 -1.0 -1.0 -1.0 -1.0 -1.0 
-1.0 -1.0 -1.0 -1.0 -1.0 -1.0 -1.0 -1.0 -1.0 -1.0 -1.0 -1.0 -1.0 -1.0 -1.0 
-1.0 -1.0 -1.0 -1.0 -1.0 -1.0 -1.0 -1.0 -1.0 -1.0 -1.0 -1.0 -1.0 -1.0 -1.0 
-1.0 -1.0 -1.0 -1.0 -1.0 -1.0 -1.0 -1.0 -1.0 -1.0 -1.0 -1.0 -1.0 -1.0 -1.0 
-1.0 -1.0 -1.0 -1.0 -1.0 -1.0 -2.0 -2.0 -2.0 -1.0 -1.0 -1.0 -1.0 -1.0 -1.0 
-1.0 -1.0 -1.0 -1.0 -2.0 -2.0 -2.0 -2.0 -2.0 -1.0 -1.0 -1.0 -1.0 -1.0 -2.0 
arrivals 	 : 	  
6.37 11.67 22.42 27.82 31.41 38.29 52.93 58.45 58.98 60.28 65.84 68.63 70.61 75.44 79.58 82.73 89.96 92.23 92.75 96.62 100.69 122.2 124.36 143.73 149.3 156.4 157.99 158.34 167.2 176.31 176.81 182.24 192.87 196.26 199.62 202.8 211.69 212.75 213.98 216.82 218.4 219.29 222.55 226.19 226.82 244.97 8.42 13.27 16.06 28.42 30.77 30.9 34.16 35.86 47.1 63.22 66.68 70.64 70.81 71.91 73.11 76.91 81.83 82.08 82.67 83.86 86.76 87.04 89.13 89.63 89.78 93.13 95.38 98.67 103.05 103.92 120.98 123.01 126.01 129.82 132.1 132.47 137.9 138.79 139.3 139.85 157.56 161.27 168.42 202.9 4.63 5.0 6.85 14.57 14.66 17.62 19.09 20.18 24.89 25.08 25.46 32.68 33.28 38.24 40.12 41.33 42.63 46.74 49.81 53.07 57.59 61.32 64.08 65.51 69.94 70.99 71.57 74.09 78.2 78.33 79.62 83.5 84.47 88.82 0.21 6.34 7.11 12.25 15.99 17.94 18.42 23.62 24.63 27.9 32.33 32.97 33.81 33.92 36.61 41.58 44.87 48.76 50.37 51.77 53.5 55.42 55.74 62.15 63.52 2.43 4.05 4.62 4.84 7.35 13.28 24.44 27.78 29.18 29.58 33.47 39.47 42.63 56.03 61.85 69.83 74.7 84.34 92.4 102.07 110.42 12.38 19.79 25.2 38.46 44.51 53.19 57.1 73.74 80.82 95.94 107.32 112.34 115.78 135.36 138.01 142.49 150.0 150.89 160.9 181.56 184.66 185.41 193.12 195.72 200.49 203.24 207.19 209.41 212.48 225.52 226.25 226.81 230.8 235.78 237.45 243.11 251.83 255.49 263.76 304.29 311.03 317.3 325.21 348.88 360.7 365.79 365.9 368.53 372.84 391.45 404.94 409.41 414.73 425.74 428.41 429.19 429.97 435.98 443.59 449.73 458.88 477.11 505.8 508.28 510.69 535.0 547.29 547.82 560.99 
