nRows 	 : 	 10 
nCols 	 : 	 15 
nCargoes 	 : 	 272 
nCargoTypes 	 : 	 15 
nPorts 	 : 	 6 
handlingtime 	 : 	 5 
noise_perc 	 : 	 0.0 
nintervals 	 : 	 20 
loadingPorts 	 : 	  
1 1 1 1 1 1 1 1 1 1 1 1 1 1 1 1 1 1 1 1 1 1 1 1 1 1 1 1 1 1 1 1 1 1 1 1 1 1 1 1 1 1 1 1 1 1 1 1 1 1 1 1 1 1 1 1 1 1 1 1 1 1 1 1 1 1 1 1 1 1 1 1 1 1 1 1 1 1 1 1 1 1 1 1 1 1 1 1 1 1 1 1 1 1 1 1 1 1 1 1 1 1 1 1 1 1 1 1 1 1 1 1 1 1 1 1 1 1 1 1 1 1 1 1 2 2 2 2 2 2 2 2 2 2 2 2 2 2 2 2 2 2 2 2 2 2 2 2 3 3 3 3 3 3 3 3 3 3 3 3 3 3 3 3 3 3 3 3 3 3 3 3 3 3 3 3 3 3 3 4 4 4 4 4 4 4 4 4 4 4 4 4 4 4 4 4 4 4 4 4 4 4 4 4 4 4 4 4 4 4 5 5 5 5 5 5 5 5 5 5 5 5 5 5 5 5 5 5 5 5 5 5 5 5 5 5 5 5 5 5 5 5 5 5 5 5 5 5 5 5 5 5 5 5 5 5 5 5 5 5 5 5 5 5 5 5 5 5 5 5 5 5 
dischargePorts 	 : 	  
5 3 3 3 4 2 3 6 6 2 4 5 6 4 4 5 5 5 5 6 2 5 3 3 3 4 4 4 3 3 5 6 3 2 6 6 6 5 4 2 6 4 2 5 2 3 5 6 3 2 3 6 2 2 3 6 6 6 2 4 2 4 5 4 5 5 4 3 3 5 6 6 6 6 5 4 2 5 2 6 6 3 6 5 6 2 3 2 6 3 4 5 3 5 5 3 6 5 5 5 5 2 6 6 2 3 2 2 4 4 2 4 5 2 5 5 6 6 6 3 2 3 2 6 4 5 5 4 6 5 5 3 3 5 4 5 6 5 6 4 3 4 6 3 3 3 6 3 4 5 4 6 6 5 6 4 6 5 6 4 6 6 5 4 5 6 5 5 6 6 5 6 6 4 5 4 4 5 6 6 5 5 5 5 6 5 5 6 5 6 5 5 6 6 5 6 5 5 6 5 6 5 5 6 6 6 5 5 6 6 6 6 6 6 6 6 6 6 6 6 6 6 6 6 6 6 6 6 6 6 6 6 6 6 6 6 6 6 6 6 6 6 6 6 6 6 6 6 6 6 6 6 6 6 6 6 6 6 6 6 6 6 6 6 6 6 6 6 6 6 6 6 
adj 	 :
[[], [16, 2], [1, 17], [], [], [], [], [], [], [24], [], [], [], [28], [], [16, 150], [17, 1, 15], [16, 18, 2], [17, 19], [18, 20], [19], [], [], [], [9, 39], [], [], [], [13, 43, 29], [28, 44], [150, 31], [32, 30], [33, 31], [32, 34], [33, 35], [34, 36], [35, 37], [36, 38], [37, 39], [40, 24, 38], [41, 39], [40, 42], [41, 43], [42, 44, 28], [43, 29], [46, 150], [45, 47], [48, 46], [49, 47], [48, 50], [49, 51], [50, 52], [51, 53], [52, 54], [53, 55], [56, 54], [57, 55], [56, 58], [57, 59], [58], [61, 150], [60, 62], [61, 63], [64, 62], [65, 63], [64, 66], [65, 67], [66, 68], [67, 69], [68, 70], [69, 71], [72, 70], [73, 71], [72, 74], [73], [76, 150], [75, 77], [76, 78], [77, 79], [80, 78], [81, 79], [80, 82], [81, 83], [82, 84], [83, 85], [84, 86], [85, 87], [88, 86], [89, 87], [88], [91, 150], [90, 92], [91, 93], [92, 94], [93, 95], [96, 94], [97, 95], [96, 98], [97, 99], [98, 100], [99, 101], [100, 102], [101, 103], [104, 102], [103], [106, 150], [105, 107], [106, 108], [107, 109], [108, 110], [109, 111], [112, 110], [113, 111], [112, 114], [113, 129, 115], [114, 116, 130], [115, 131, 117], [132, 116, 118], [117, 133, 119], [134, 118], [121, 150], [120, 122], [121, 123], [122, 124], [123, 125], [124], [], [], [], [144, 130, 114], [115, 129, 145, 131], [116, 130, 132, 146], [117, 131, 147, 133], [148, 118, 132, 134], [133, 119], [136, 150], [137, 135], [136, 138], [137], [], [], [], [], [], [145, 129], [144, 146, 130], [145, 147, 131], [132, 146, 148], [147, 133], [], [135, 105, 75, 45, 15, 120, 90, 60, 30]] 
layout 	 : 	 
-2.0 -1.0 -1.0 -2.0 -2.0 -2.0 -2.0 -2.0 -2.0 -1.0 -2.0 -2.0 -2.0 -1.0 -2.0 
-1.0 -1.0 -1.0 -1.0 -1.0 -1.0 -2.0 -2.0 -2.0 -1.0 -2.0 -2.0 -2.0 -1.0 -1.0 
-1.0 -1.0 -1.0 -1.0 -1.0 -1.0 -1.0 -1.0 -1.0 -1.0 -1.0 -1.0 -1.0 -1.0 -1.0 
-1.0 -1.0 -1.0 -1.0 -1.0 -1.0 -1.0 -1.0 -1.0 -1.0 -1.0 -1.0 -1.0 -1.0 -1.0 
-1.0 -1.0 -1.0 -1.0 -1.0 -1.0 -1.0 -1.0 -1.0 -1.0 -1.0 -1.0 -1.0 -1.0 -1.0 
-1.0 -1.0 -1.0 -1.0 -1.0 -1.0 -1.0 -1.0 -1.0 -1.0 -1.0 -1.0 -1.0 -1.0 -1.0 
-1.0 -1.0 -1.0 -1.0 -1.0 -1.0 -1.0 -1.0 -1.0 -1.0 -1.0 -1.0 -1.0 -1.0 -1.0 
-1.0 -1.0 -1.0 -1.0 -1.0 -1.0 -1.0 -1.0 -1.0 -1.0 -1.0 -1.0 -1.0 -1.0 -1.0 
-1.0 -1.0 -1.0 -1.0 -1.0 -1.0 -2.0 -2.0 -2.0 -1.0 -1.0 -1.0 -1.0 -1.0 -1.0 
-1.0 -1.0 -1.0 -1.0 -2.0 -2.0 -2.0 -2.0 -2.0 -1.0 -1.0 -1.0 -1.0 -1.0 -2.0 
arrivals 	 : 	  
2.38 14.32 15.18 21.1 26.3 28.12 35.54 45.22 51.02 58.78 60.35 62.61 62.78 69.46 71.09 76.43 77.26 78.84 80.79 90.15 91.95 96.0 96.03 106.24 5.04 10.43 21.13 26.81 28.96 31.14 33.25 46.22 46.63 53.15 62.19 74.15 87.23 93.64 94.82 96.46 97.79 102.4 102.51 103.91 108.01 116.15 126.89 129.5 7.41 8.37 16.33 16.34 17.18 23.29 26.71 28.12 29.54 30.92 37.51 43.47 49.94 53.38 54.56 57.69 58.07 61.63 0.2 1.23 2.21 2.92 5.05 6.93 8.67 14.77 20.47 20.61 24.98 31.22 34.47 36.26 36.37 36.44 39.3 39.89 43.68 44.25 46.99 49.42 50.44 51.27 54.61 56.75 56.94 59.62 6.72 8.19 15.84 16.99 27.74 35.66 48.34 51.96 56.17 59.48 59.71 63.64 73.91 85.43 87.69 87.79 89.54 91.54 96.42 99.52 111.07 122.74 123.94 124.16 125.69 132.45 136.56 140.26 140.4 141.51 16.53 21.16 21.94 26.01 33.49 34.85 37.77 1.6 7.04 10.05 16.07 20.18 4.76 5.98 9.96 17.72 25.86 28.4 28.55 3.82 7.91 8.03 10.09 11.02 7.11 7.94 8.71 13.34 15.46 29.82 32.83 34.27 1.04 17.04 23.03 23.66 24.92 30.66 35.45 36.46 39.41 44.6 0.46 5.14 11.65 23.7 31.43 36.51 61.42 74.05 77.55 81.36 85.37 88.19 90.56 12.6 15.01 16.24 19.11 25.13 32.65 34.67 46.73 57.73 65.22 68.53 71.05 77.67 79.69 81.44 83.11 89.07 1.43 21.28 25.55 30.69 38.74 40.21 50.31 52.27 53.23 63.4 65.67 65.96 71.09 92.05 7.59 10.96 12.3 15.81 16.86 17.75 21.7 23.95 24.69 24.77 39.29 40.44 45.36 56.79 63.27 77.88 100.75 101.97 102.88 109.25 113.26 117.27 121.07 122.82 124.28 130.52 134.84 135.62 152.67 153.7 153.93 163.36 174.78 175.48 178.99 180.85 183.03 185.65 196.18 206.19 216.47 226.1 226.55 230.75 244.03 247.98 248.12 251.7 255.26 260.16 273.72 285.61 290.0 303.78 305.95 312.3 313.98 322.97 327.1 328.98 330.33 334.78 
