nRows 	 : 	 10 
nCols 	 : 	 15 
nCargoes 	 : 	 223 
nCargoTypes 	 : 	 6 
nPorts 	 : 	 4 
handlingtime 	 : 	 5 
noise_perc 	 : 	 0.0 
nintervals 	 : 	 20 
loadingPorts 	 : 	  
1 1 1 1 1 1 1 1 1 1 1 1 1 1 1 1 1 1 1 1 1 1 1 1 1 1 1 1 1 1 1 1 1 1 1 1 1 1 1 1 1 1 1 1 1 1 1 1 1 1 1 1 1 1 1 1 1 1 1 1 1 1 1 1 1 1 1 1 1 1 1 1 1 1 1 1 1 1 1 1 1 1 1 1 1 1 1 1 1 1 1 1 1 1 1 1 1 1 1 1 1 1 1 1 1 1 1 1 1 1 1 1 1 1 1 1 1 1 1 1 1 1 1 1 2 2 2 2 2 2 2 2 2 2 2 2 2 2 2 2 2 2 2 2 2 2 2 2 2 2 2 2 2 2 2 2 2 2 2 2 2 2 2 2 2 2 2 2 2 2 3 3 3 3 3 3 3 3 3 3 3 3 3 3 3 3 3 3 3 3 3 3 3 3 3 3 3 3 3 3 3 3 3 3 3 3 3 3 3 3 3 3 3 3 3 3 3 3 3 3 3 3 3 
dischargePorts 	 : 	  
2 3 3 3 3 3 4 2 4 2 3 4 2 2 4 2 3 4 4 2 2 2 4 4 4 3 2 4 4 3 4 3 2 4 2 3 4 2 2 2 3 2 3 4 2 3 2 3 4 4 2 3 2 2 4 3 2 4 3 3 2 2 4 4 3 4 3 2 2 2 4 4 4 4 2 2 2 4 4 3 3 2 4 4 4 4 4 2 4 2 4 4 4 4 2 4 2 4 4 2 4 3 2 4 2 2 2 2 4 4 2 3 3 4 3 4 2 4 2 4 2 2 3 4 3 4 4 3 4 3 4 3 4 4 4 4 4 3 3 4 3 3 4 4 3 3 3 3 3 3 3 4 4 4 4 3 4 3 3 3 4 4 3 3 3 3 4 4 3 3 4 4 4 4 4 4 4 4 4 4 4 4 4 4 4 4 4 4 4 4 4 4 4 4 4 4 4 4 4 4 4 4 4 4 4 4 4 4 4 4 4 4 4 4 4 4 4 4 4 4 4 4 4 
adj 	 :
[[], [16, 2], [1, 17], [], [], [], [], [], [], [24], [], [], [], [28], [], [16, 150], [17, 1, 15], [16, 18, 2], [17, 19], [18, 20], [19], [], [], [], [9, 39], [], [], [], [13, 43, 29], [28, 44], [150, 31], [32, 30], [33, 31], [32, 34], [33, 35], [34, 36], [35, 37], [36, 38], [37, 39], [40, 24, 38], [41, 39], [40, 42], [41, 43], [42, 44, 28], [43, 29], [46, 150], [45, 47], [48, 46], [49, 47], [48, 50], [49, 51], [50, 52], [51, 53], [52, 54], [53, 55], [56, 54], [57, 55], [56, 58], [57, 59], [58], [61, 150], [60, 62], [61, 63], [64, 62], [65, 63], [64, 66], [65, 67], [66, 68], [67, 69], [68, 70], [69, 71], [72, 70], [73, 71], [72, 74], [73], [76, 150], [75, 77], [76, 78], [77, 79], [80, 78], [81, 79], [80, 82], [81, 83], [82, 84], [83, 85], [84, 86], [85, 87], [88, 86], [89, 87], [88], [91, 150], [90, 92], [91, 93], [92, 94], [93, 95], [96, 94], [97, 95], [96, 98], [97, 99], [98, 100], [99, 101], [100, 102], [101, 103], [104, 102], [103], [106, 150], [105, 107], [106, 108], [107, 109], [108, 110], [109, 111], [112, 110], [113, 111], [112, 114], [113, 129, 115], [114, 116, 130], [115, 131, 117], [132, 116, 118], [117, 133, 119], [134, 118], [121, 150], [120, 122], [121, 123], [122, 124], [123, 125], [124], [], [], [], [144, 130, 114], [115, 129, 145, 131], [116, 130, 132, 146], [117, 131, 147, 133], [148, 118, 132, 134], [133, 119], [136, 150], [137, 135], [136, 138], [137], [], [], [], [], [], [145, 129], [144, 146, 130], [145, 147, 131], [132, 146, 148], [147, 133], [], [135, 105, 75, 45, 15, 120, 90, 60, 30]] 
layout 	 : 	 
-2.0 -1.0 -1.0 -2.0 -2.0 -2.0 -2.0 -2.0 -2.0 -1.0 -2.0 -2.0 -2.0 -1.0 -2.0 
-1.0 -1.0 -1.0 -1.0 -1.0 -1.0 -2.0 -2.0 -2.0 -1.0 -2.0 -2.0 -2.0 -1.0 -1.0 
-1.0 -1.0 -1.0 -1.0 -1.0 -1.0 -1.0 -1.0 -1.0 -1.0 -1.0 -1.0 -1.0 -1.0 -1.0 
-1.0 -1.0 -1.0 -1.0 -1.0 -1.0 -1.0 -1.0 -1.0 -1.0 -1.0 -1.0 -1.0 -1.0 -1.0 
-1.0 -1.0 -1.0 -1.0 -1.0 -1.0 -1.0 -1.0 -1.0 -1.0 -1.0 -1.0 -1.0 -1.0 -1.0 
-1.0 -1.0 -1.0 -1.0 -1.0 -1.0 -1.0 -1.0 -1.0 -1.0 -1.0 -1.0 -1.0 -1.0 -1.0 
-1.0 -1.0 -1.0 -1.0 -1.0 -1.0 -1.0 -1.0 -1.0 -1.0 -1.0 -1.0 -1.0 -1.0 -1.0 
-1.0 -1.0 -1.0 -1.0 -1.0 -1.0 -1.0 -1.0 -1.0 -1.0 -1.0 -1.0 -1.0 -1.0 -1.0 
-1.0 -1.0 -1.0 -1.0 -1.0 -1.0 -2.0 -2.0 -2.0 -1.0 -1.0 -1.0 -1.0 -1.0 -1.0 
-1.0 -1.0 -1.0 -1.0 -2.0 -2.0 -2.0 -2.0 -2.0 -1.0 -1.0 -1.0 -1.0 -1.0 -2.0 
arrivals 	 : 	  
3.01 3.77 4.74 8.19 10.9 23.22 25.47 29.82 34.82 34.88 40.33 41.31 57.54 58.34 61.02 61.47 90.31 93.8 98.32 98.67 105.6 106.78 118.19 119.34 120.4 120.59 123.78 127.94 128.28 135.75 138.77 142.48 145.39 147.95 152.05 152.89 153.9 163.79 178.4 180.73 182.31 187.48 190.1 190.23 191.08 197.38 4.3 4.41 5.42 6.47 10.93 11.0 11.44 17.88 18.67 22.9 23.99 24.41 25.52 30.64 38.39 45.48 47.51 51.92 52.83 54.22 63.29 63.34 63.7 64.63 64.74 65.54 69.04 71.23 6.7 11.8 13.05 13.95 15.39 18.06 19.0 21.93 23.51 25.92 27.64 28.69 37.59 41.91 42.36 48.45 50.46 57.2 62.03 63.69 63.76 64.7 67.04 70.05 70.94 71.39 76.8 89.28 91.52 92.08 93.04 93.09 100.46 100.84 103.42 104.38 106.8 109.96 115.27 115.97 116.0 116.44 123.35 129.56 132.29 135.04 138.33 138.9 146.28 147.91 0.97 2.43 2.53 2.89 5.57 5.74 7.59 8.15 9.14 9.82 10.7 13.24 13.94 15.62 16.91 19.09 24.61 27.25 27.73 27.8 28.4 30.21 30.32 31.69 33.51 1.63 7.52 7.97 8.29 13.5 16.23 20.9 23.18 24.31 31.15 37.58 42.32 43.59 47.16 48.95 49.34 59.31 59.9 71.9 74.26 75.08 6.25 22.75 33.29 46.43 55.04 64.46 79.6 81.9 87.27 89.27 124.44 147.51 147.83 157.61 178.36 179.95 186.67 206.43 206.71 216.27 219.09 239.75 268.09 291.19 296.33 312.18 327.07 330.15 344.27 344.57 351.83 353.92 354.95 355.59 365.12 368.44 378.76 379.31 382.34 388.54 401.05 404.12 411.99 429.36 437.01 439.13 439.33 455.66 455.83 472.45 478.47 500.85 513.68 
