nRows 	 : 	 10 
nCols 	 : 	 15 
nCargoes 	 : 	 243 
nCargoTypes 	 : 	 10 
nPorts 	 : 	 5 
handlingtime 	 : 	 5 
noise_perc 	 : 	 0.0 
nintervals 	 : 	 20 
loadingPorts 	 : 	  
1 1 1 1 1 1 1 1 1 1 1 1 1 1 1 1 1 1 1 1 1 1 1 1 1 1 1 1 1 1 1 1 1 1 1 1 1 1 1 1 1 1 1 1 1 1 1 1 1 1 1 1 1 1 1 1 1 1 1 1 1 1 1 1 1 1 1 1 1 1 1 1 1 1 1 1 1 1 1 1 1 1 1 1 1 1 1 1 1 1 1 1 1 1 1 1 1 1 1 1 1 1 1 1 1 1 1 1 1 1 1 1 1 1 1 1 1 1 1 1 1 1 1 1 2 2 2 2 2 2 2 2 2 2 2 2 2 2 2 2 2 2 2 2 2 2 2 2 2 2 3 3 3 3 3 3 3 3 3 3 3 3 3 3 3 3 3 3 3 3 3 3 3 3 3 3 3 3 3 3 3 3 3 3 3 3 4 4 4 4 4 4 4 4 4 4 4 4 4 4 4 4 4 4 4 4 4 4 4 4 4 4 4 4 4 4 4 4 4 4 4 4 4 4 4 4 4 4 4 4 4 4 4 4 4 4 4 4 4 4 4 4 4 
dischargePorts 	 : 	  
3 5 5 4 5 4 2 2 5 3 5 4 3 3 2 3 2 3 5 2 4 4 4 5 5 3 3 2 4 2 2 5 4 4 4 2 5 4 2 5 3 4 3 3 5 2 2 3 5 2 4 5 4 4 4 3 3 5 4 4 3 5 5 5 4 3 2 3 5 2 5 4 5 4 5 4 5 4 4 5 3 2 4 5 5 2 5 3 4 2 5 2 4 3 5 4 3 4 2 3 5 5 3 3 4 4 5 2 2 4 3 3 4 2 2 5 3 2 2 4 3 3 5 5 5 5 3 5 3 4 5 5 5 5 4 3 5 3 4 4 4 4 3 5 4 5 4 3 3 5 5 4 4 5 5 4 5 4 4 5 5 5 5 4 4 5 5 4 5 5 5 5 4 5 5 5 5 4 5 5 5 4 4 4 4 4 5 5 5 5 5 5 5 5 5 5 5 5 5 5 5 5 5 5 5 5 5 5 5 5 5 5 5 5 5 5 5 5 5 5 5 5 5 5 5 5 5 5 5 5 5 5 5 5 5 5 5 5 5 5 5 5 5 
adj 	 :
[[], [16, 2], [1, 17], [], [], [], [], [], [], [24], [], [], [], [28], [], [16, 150], [17, 1, 15], [16, 18, 2], [17, 19], [18, 20], [19], [], [], [], [9, 39], [], [], [], [13, 43, 29], [28, 44], [150, 31], [32, 30], [33, 31], [32, 34], [33, 35], [34, 36], [35, 37], [36, 38], [37, 39], [40, 24, 38], [41, 39], [40, 42], [41, 43], [42, 44, 28], [43, 29], [46, 150], [45, 47], [48, 46], [49, 47], [48, 50], [49, 51], [50, 52], [51, 53], [52, 54], [53, 55], [56, 54], [57, 55], [56, 58], [57, 59], [58], [61, 150], [60, 62], [61, 63], [64, 62], [65, 63], [64, 66], [65, 67], [66, 68], [67, 69], [68, 70], [69, 71], [72, 70], [73, 71], [72, 74], [73], [76, 150], [75, 77], [76, 78], [77, 79], [80, 78], [81, 79], [80, 82], [81, 83], [82, 84], [83, 85], [84, 86], [85, 87], [88, 86], [89, 87], [88], [91, 150], [90, 92], [91, 93], [92, 94], [93, 95], [96, 94], [97, 95], [96, 98], [97, 99], [98, 100], [99, 101], [100, 102], [101, 103], [104, 102], [103], [106, 150], [105, 107], [106, 108], [107, 109], [108, 110], [109, 111], [112, 110], [113, 111], [112, 114], [113, 129, 115], [114, 116, 130], [115, 131, 117], [132, 116, 118], [117, 133, 119], [134, 118], [121, 150], [120, 122], [121, 123], [122, 124], [123, 125], [124], [], [], [], [144, 130, 114], [115, 129, 145, 131], [116, 130, 132, 146], [117, 131, 147, 133], [148, 118, 132, 134], [133, 119], [136, 150], [137, 135], [136, 138], [137], [], [], [], [], [], [145, 129], [144, 146, 130], [145, 147, 131], [132, 146, 148], [147, 133], [], [135, 105, 75, 45, 15, 120, 90, 60, 30]] 
layout 	 : 	 
-2.0 -1.0 -1.0 -2.0 -2.0 -2.0 -2.0 -2.0 -2.0 -1.0 -2.0 -2.0 -2.0 -1.0 -2.0 
-1.0 -1.0 -1.0 -1.0 -1.0 -1.0 -2.0 -2.0 -2.0 -1.0 -2.0 -2.0 -2.0 -1.0 -1.0 
-1.0 -1.0 -1.0 -1.0 -1.0 -1.0 -1.0 -1.0 -1.0 -1.0 -1.0 -1.0 -1.0 -1.0 -1.0 
-1.0 -1.0 -1.0 -1.0 -1.0 -1.0 -1.0 -1.0 -1.0 -1.0 -1.0 -1.0 -1.0 -1.0 -1.0 
-1.0 -1.0 -1.0 -1.0 -1.0 -1.0 -1.0 -1.0 -1.0 -1.0 -1.0 -1.0 -1.0 -1.0 -1.0 
-1.0 -1.0 -1.0 -1.0 -1.0 -1.0 -1.0 -1.0 -1.0 -1.0 -1.0 -1.0 -1.0 -1.0 -1.0 
-1.0 -1.0 -1.0 -1.0 -1.0 -1.0 -1.0 -1.0 -1.0 -1.0 -1.0 -1.0 -1.0 -1.0 -1.0 
-1.0 -1.0 -1.0 -1.0 -1.0 -1.0 -1.0 -1.0 -1.0 -1.0 -1.0 -1.0 -1.0 -1.0 -1.0 
-1.0 -1.0 -1.0 -1.0 -1.0 -1.0 -2.0 -2.0 -2.0 -1.0 -1.0 -1.0 -1.0 -1.0 -1.0 
-1.0 -1.0 -1.0 -1.0 -2.0 -2.0 -2.0 -2.0 -2.0 -1.0 -1.0 -1.0 -1.0 -1.0 -2.0 
arrivals 	 : 	  
10.31 15.79 20.23 31.42 34.4 35.8 44.22 50.19 52.82 52.85 68.25 72.9 72.93 76.38 80.94 82.73 85.83 89.25 93.65 103.84 112.77 120.3 124.28 129.03 135.66 139.84 5.97 23.2 29.43 33.24 33.93 36.52 37.85 38.52 44.53 44.77 45.1 49.47 52.43 54.8 56.26 56.33 57.72 58.97 59.12 65.64 67.26 76.16 82.81 96.12 108.77 112.35 113.84 123.87 124.08 0.77 2.12 3.71 12.39 14.99 15.61 18.34 26.48 26.91 39.01 39.51 44.67 48.06 49.62 50.35 54.81 60.45 62.72 64.3 64.35 64.84 69.73 71.36 72.61 73.66 77.46 95.83 98.24 104.86 105.41 111.86 115.5 117.15 123.12 0.54 2.19 2.25 3.21 4.1 4.29 4.39 5.23 6.1 17.07 22.84 23.12 24.58 25.88 26.9 32.24 33.69 37.01 41.28 44.15 45.4 45.56 46.83 47.28 47.74 48.13 49.01 53.86 55.0 55.39 58.18 58.29 58.46 58.54 59.79 3.7 4.51 7.43 12.39 22.75 25.76 39.95 6.34 6.39 11.51 17.42 18.74 27.24 28.35 33.2 32.3 33.44 33.94 34.5 35.31 49.0 56.94 69.19 69.83 98.43 115.59 2.99 10.92 12.45 14.46 17.93 18.93 22.31 24.37 29.07 29.81 33.92 35.74 37.31 44.99 45.48 0.28 1.24 2.8 8.58 9.36 9.57 15.46 19.35 19.4 19.65 23.19 23.49 25.17 26.47 27.2 27.32 32.84 37.53 40.09 42.22 43.21 14.55 19.51 22.23 23.81 24.3 38.62 39.9 40.73 41.7 47.42 59.01 61.8 66.14 67.85 68.4 72.97 74.96 75.06 77.84 80.84 81.85 81.86 84.23 87.04 87.38 94.3 95.4 95.44 96.46 96.81 103.8 108.82 109.94 110.21 112.43 117.33 122.4 123.26 128.65 141.21 144.11 146.36 146.45 149.28 153.92 154.52 158.98 159.14 161.4 169.11 171.3 171.67 171.91 172.34 175.0 179.49 179.87 
