nRows 	 : 	 10 
nCols 	 : 	 15 
nCargoes 	 : 	 266 
nCargoTypes 	 : 	 15 
nPorts 	 : 	 6 
handlingtime 	 : 	 5 
noise_perc 	 : 	 0.0 
nintervals 	 : 	 20 
loadingPorts 	 : 	  
1 1 1 1 1 1 1 1 1 1 1 1 1 1 1 1 1 1 1 1 1 1 1 1 1 1 1 1 1 1 1 1 1 1 1 1 1 1 1 1 1 1 1 1 1 1 1 1 1 1 1 1 1 1 1 1 1 1 1 1 1 1 1 1 1 1 1 1 1 1 1 1 1 1 1 1 1 1 1 1 1 1 1 1 1 1 1 1 1 1 1 1 1 1 1 1 1 1 1 1 1 1 1 1 1 1 1 1 1 1 1 1 1 1 1 1 1 1 1 1 1 1 1 1 2 2 2 2 2 2 2 2 2 2 2 2 2 2 2 2 2 2 2 2 2 2 3 3 3 3 3 3 3 3 3 3 3 3 3 3 3 3 3 3 3 3 3 3 3 3 3 3 3 4 4 4 4 4 4 4 4 4 4 4 4 4 4 4 4 4 4 4 4 4 4 4 4 4 4 4 4 4 4 4 4 4 4 4 4 4 4 4 4 4 5 5 5 5 5 5 5 5 5 5 5 5 5 5 5 5 5 5 5 5 5 5 5 5 5 5 5 5 5 5 5 5 5 5 5 5 5 5 5 5 5 5 5 5 5 5 5 5 5 5 5 5 
dischargePorts 	 : 	  
3 2 5 3 2 6 5 5 4 2 6 5 2 6 4 4 3 3 5 3 2 3 6 2 4 6 4 4 4 3 3 6 5 5 4 6 6 6 4 4 2 3 6 2 6 4 6 4 5 4 6 4 5 6 3 2 5 6 6 2 5 4 4 2 5 3 5 3 6 5 3 4 2 4 6 6 3 4 4 4 6 2 2 5 3 3 5 2 2 6 3 2 2 5 4 3 6 6 5 6 2 6 2 4 6 6 5 6 5 2 6 2 4 4 4 3 3 6 3 5 4 3 3 6 6 3 3 6 6 4 5 4 4 5 6 5 5 3 3 5 5 4 6 6 5 6 4 6 5 6 6 4 6 6 5 4 5 4 4 4 5 6 5 4 6 6 6 5 6 4 6 4 4 5 6 6 6 6 5 5 5 6 5 5 6 6 6 6 5 5 5 6 5 5 5 6 5 5 5 6 6 6 6 6 6 6 5 6 5 6 5 6 6 6 6 6 6 6 6 6 6 6 6 6 6 6 6 6 6 6 6 6 6 6 6 6 6 6 6 6 6 6 6 6 6 6 6 6 6 6 6 6 6 6 6 6 6 6 6 6 6 6 6 6 6 6 
adj 	 :
[[], [16, 2], [1, 17], [], [], [], [], [], [], [24], [], [], [], [28], [], [16, 150], [17, 1, 15], [16, 18, 2], [17, 19], [18, 20], [19], [], [], [], [9, 39], [], [], [], [13, 43, 29], [28, 44], [150, 31], [32, 30], [33, 31], [32, 34], [33, 35], [34, 36], [35, 37], [36, 38], [37, 39], [40, 24, 38], [41, 39], [40, 42], [41, 43], [42, 44, 28], [43, 29], [46, 150], [45, 47], [48, 46], [49, 47], [48, 50], [49, 51], [50, 52], [51, 53], [52, 54], [53, 55], [56, 54], [57, 55], [56, 58], [57, 59], [58], [61, 150], [60, 62], [61, 63], [64, 62], [65, 63], [64, 66], [65, 67], [66, 68], [67, 69], [68, 70], [69, 71], [72, 70], [73, 71], [72, 74], [73], [76, 150], [75, 77], [76, 78], [77, 79], [80, 78], [81, 79], [80, 82], [81, 83], [82, 84], [83, 85], [84, 86], [85, 87], [88, 86], [89, 87], [88], [91, 150], [90, 92], [91, 93], [92, 94], [93, 95], [96, 94], [97, 95], [96, 98], [97, 99], [98, 100], [99, 101], [100, 102], [101, 103], [104, 102], [103], [106, 150], [105, 107], [106, 108], [107, 109], [108, 110], [109, 111], [112, 110], [113, 111], [112, 114], [113, 129, 115], [114, 116, 130], [115, 131, 117], [132, 116, 118], [117, 133, 119], [134, 118], [121, 150], [120, 122], [121, 123], [122, 124], [123, 125], [124], [], [], [], [144, 130, 114], [115, 129, 145, 131], [116, 130, 132, 146], [117, 131, 147, 133], [148, 118, 132, 134], [133, 119], [136, 150], [137, 135], [136, 138], [137], [], [], [], [], [], [145, 129], [144, 146, 130], [145, 147, 131], [132, 146, 148], [147, 133], [], [135, 105, 75, 45, 15, 120, 90, 60, 30]] 
layout 	 : 	 
-2.0 -1.0 -1.0 -2.0 -2.0 -2.0 -2.0 -2.0 -2.0 -1.0 -2.0 -2.0 -2.0 -1.0 -2.0 
-1.0 -1.0 -1.0 -1.0 -1.0 -1.0 -2.0 -2.0 -2.0 -1.0 -2.0 -2.0 -2.0 -1.0 -1.0 
-1.0 -1.0 -1.0 -1.0 -1.0 -1.0 -1.0 -1.0 -1.0 -1.0 -1.0 -1.0 -1.0 -1.0 -1.0 
-1.0 -1.0 -1.0 -1.0 -1.0 -1.0 -1.0 -1.0 -1.0 -1.0 -1.0 -1.0 -1.0 -1.0 -1.0 
-1.0 -1.0 -1.0 -1.0 -1.0 -1.0 -1.0 -1.0 -1.0 -1.0 -1.0 -1.0 -1.0 -1.0 -1.0 
-1.0 -1.0 -1.0 -1.0 -1.0 -1.0 -1.0 -1.0 -1.0 -1.0 -1.0 -1.0 -1.0 -1.0 -1.0 
-1.0 -1.0 -1.0 -1.0 -1.0 -1.0 -1.0 -1.0 -1.0 -1.0 -1.0 -1.0 -1.0 -1.0 -1.0 
-1.0 -1.0 -1.0 -1.0 -1.0 -1.0 -1.0 -1.0 -1.0 -1.0 -1.0 -1.0 -1.0 -1.0 -1.0 
-1.0 -1.0 -1.0 -1.0 -1.0 -1.0 -2.0 -2.0 -2.0 -1.0 -1.0 -1.0 -1.0 -1.0 -1.0 
-1.0 -1.0 -1.0 -1.0 -2.0 -2.0 -2.0 -2.0 -2.0 -1.0 -1.0 -1.0 -1.0 -1.0 -2.0 
arrivals 	 : 	  
13.57 14.29 34.46 35.29 43.89 49.55 52.14 53.36 60.79 70.2 73.97 76.6 76.7 77.5 85.66 88.38 90.45 92.21 98.54 129.16 133.17 144.2 0.74 9.34 14.19 16.39 24.35 25.42 28.74 28.84 30.76 32.55 32.94 33.12 34.8 36.55 58.48 70.03 70.59 73.51 76.11 78.16 88.83 91.73 98.36 6.41 10.72 12.59 12.82 14.73 15.4 16.1 16.69 18.0 25.29 26.99 27.58 31.76 31.92 32.18 32.3 34.18 36.95 37.55 39.75 43.47 51.24 53.5 64.14 66.51 66.53 68.45 1.48 1.81 3.93 4.21 5.42 13.5 13.78 13.91 14.05 14.25 17.67 19.66 22.72 22.88 30.03 34.32 36.31 41.6 42.62 43.96 46.27 1.32 5.84 8.58 14.84 15.83 21.32 23.74 25.84 36.07 36.73 37.29 39.21 42.34 53.89 55.45 55.86 67.64 75.42 75.53 76.03 83.1 83.7 87.07 89.67 91.13 91.37 102.42 111.79 116.91 121.16 123.15 29.1 39.03 44.46 47.62 0.99 29.61 32.17 33.83 0.73 5.02 13.71 15.8 19.06 20.34 20.75 2.29 3.28 3.33 4.72 6.22 6.73 6.73 2.37 5.18 5.52 12.44 13.54 13.58 14.6 14.95 21.94 26.96 0.84 1.04 2.71 6.38 10.18 10.83 8.08 26.93 31.28 34.65 34.79 39.04 46.0 46.89 53.59 53.83 57.22 13.48 17.32 17.97 18.38 19.14 23.79 31.65 32.32 44.82 55.3 55.74 58.47 61.78 66.67 70.85 75.26 76.03 79.31 0.13 3.7 17.12 26.09 27.81 35.7 37.97 42.08 42.39 47.64 49.63 51.71 52.52 65.94 69.54 75.85 85.8 87.79 89.71 92.63 95.92 112.06 124.2 2.36 2.47 2.93 3.8 4.89 11.85 20.92 21.04 24.44 31.0 33.18 36.16 37.51 41.81 42.18 49.09 55.68 56.53 60.6 67.75 70.29 73.76 74.22 76.7 85.4 87.9 90.42 91.29 91.45 95.27 98.6 99.06 104.47 105.28 107.0 109.62 113.75 117.63 123.36 124.71 127.43 132.01 134.86 140.71 142.13 145.3 146.42 148.77 155.41 155.85 156.9 163.17 
