nRows 	 : 	 10 
nCols 	 : 	 15 
nCargoes 	 : 	 276 
nCargoTypes 	 : 	 10 
nPorts 	 : 	 5 
handlingtime 	 : 	 5 
noise_perc 	 : 	 0.0 
nintervals 	 : 	 20 
loadingPorts 	 : 	  
1 1 1 1 1 1 1 1 1 1 1 1 1 1 1 1 1 1 1 1 1 1 1 1 1 1 1 1 1 1 1 1 1 1 1 1 1 1 1 1 1 1 1 1 1 1 1 1 1 1 1 1 1 1 1 1 1 1 1 1 1 1 1 1 1 1 1 1 1 1 1 1 1 1 1 1 1 1 1 1 1 1 1 1 1 1 1 1 1 1 1 1 1 1 1 1 1 1 1 1 1 1 1 1 1 1 1 1 1 1 1 1 1 1 1 1 1 1 1 1 1 1 1 1 2 2 2 2 2 2 2 2 2 2 2 2 2 2 2 2 2 2 2 2 2 2 2 2 2 2 2 2 2 2 2 2 2 2 2 3 3 3 3 3 3 3 3 3 3 3 3 3 3 3 3 3 3 3 3 3 3 3 3 3 3 3 3 3 3 3 3 3 3 3 3 3 3 3 3 3 3 3 3 3 4 4 4 4 4 4 4 4 4 4 4 4 4 4 4 4 4 4 4 4 4 4 4 4 4 4 4 4 4 4 4 4 4 4 4 4 4 4 4 4 4 4 4 4 4 4 4 4 4 4 4 4 4 4 4 4 4 4 4 4 4 4 4 4 4 4 4 4 4 4 4 4 
dischargePorts 	 : 	  
4 4 4 3 3 5 4 2 2 5 4 3 2 5 3 5 5 5 3 3 4 2 5 4 4 4 2 5 3 5 2 2 3 4 3 2 3 2 2 3 2 4 5 4 4 4 2 4 2 2 2 5 2 5 5 3 2 5 3 5 2 4 2 3 3 2 2 3 5 4 5 2 4 4 3 3 3 4 2 5 4 4 3 2 4 5 2 2 4 4 2 3 3 4 5 3 4 2 2 4 2 5 5 3 5 4 3 4 5 3 4 3 2 3 2 2 2 5 5 4 4 4 4 2 3 3 4 3 3 3 5 3 5 4 4 5 3 3 4 3 3 5 3 4 4 4 5 3 4 5 3 4 3 5 4 3 5 3 3 5 4 5 4 4 4 4 4 5 5 4 4 5 4 5 5 4 5 4 5 5 4 4 4 5 4 4 4 4 4 5 5 5 4 5 5 4 4 4 4 4 4 5 4 5 5 5 5 5 5 5 5 5 5 5 5 5 5 5 5 5 5 5 5 5 5 5 5 5 5 5 5 5 5 5 5 5 5 5 5 5 5 5 5 5 5 5 5 5 5 5 5 5 5 5 5 5 5 5 5 5 5 5 5 5 5 5 5 5 5 5 5 5 5 5 5 5 
adj 	 :
[[], [16, 2], [1, 17], [], [], [], [], [], [], [24], [], [], [], [28], [], [16, 150], [17, 1, 15], [16, 18, 2], [17, 19], [18, 20], [19], [], [], [], [9, 39], [], [], [], [13, 43, 29], [28, 44], [150, 31], [32, 30], [33, 31], [32, 34], [33, 35], [34, 36], [35, 37], [36, 38], [37, 39], [40, 24, 38], [41, 39], [40, 42], [41, 43], [42, 44, 28], [43, 29], [46, 150], [45, 47], [48, 46], [49, 47], [48, 50], [49, 51], [50, 52], [51, 53], [52, 54], [53, 55], [56, 54], [57, 55], [56, 58], [57, 59], [58], [61, 150], [60, 62], [61, 63], [64, 62], [65, 63], [64, 66], [65, 67], [66, 68], [67, 69], [68, 70], [69, 71], [72, 70], [73, 71], [72, 74], [73], [76, 150], [75, 77], [76, 78], [77, 79], [80, 78], [81, 79], [80, 82], [81, 83], [82, 84], [83, 85], [84, 86], [85, 87], [88, 86], [89, 87], [88], [91, 150], [90, 92], [91, 93], [92, 94], [93, 95], [96, 94], [97, 95], [96, 98], [97, 99], [98, 100], [99, 101], [100, 102], [101, 103], [104, 102], [103], [106, 150], [105, 107], [106, 108], [107, 109], [108, 110], [109, 111], [112, 110], [113, 111], [112, 114], [113, 129, 115], [114, 116, 130], [115, 131, 117], [132, 116, 118], [117, 133, 119], [134, 118], [121, 150], [120, 122], [121, 123], [122, 124], [123, 125], [124], [], [], [], [144, 130, 114], [115, 129, 145, 131], [116, 130, 132, 146], [117, 131, 147, 133], [148, 118, 132, 134], [133, 119], [136, 150], [137, 135], [136, 138], [137], [], [], [], [], [], [145, 129], [144, 146, 130], [145, 147, 131], [132, 146, 148], [147, 133], [], [135, 105, 75, 45, 15, 120, 90, 60, 30]] 
layout 	 : 	 
-2.0 -1.0 -1.0 -2.0 -2.0 -2.0 -2.0 -2.0 -2.0 -1.0 -2.0 -2.0 -2.0 -1.0 -2.0 
-1.0 -1.0 -1.0 -1.0 -1.0 -1.0 -2.0 -2.0 -2.0 -1.0 -2.0 -2.0 -2.0 -1.0 -1.0 
-1.0 -1.0 -1.0 -1.0 -1.0 -1.0 -1.0 -1.0 -1.0 -1.0 -1.0 -1.0 -1.0 -1.0 -1.0 
-1.0 -1.0 -1.0 -1.0 -1.0 -1.0 -1.0 -1.0 -1.0 -1.0 -1.0 -1.0 -1.0 -1.0 -1.0 
-1.0 -1.0 -1.0 -1.0 -1.0 -1.0 -1.0 -1.0 -1.0 -1.0 -1.0 -1.0 -1.0 -1.0 -1.0 
-1.0 -1.0 -1.0 -1.0 -1.0 -1.0 -1.0 -1.0 -1.0 -1.0 -1.0 -1.0 -1.0 -1.0 -1.0 
-1.0 -1.0 -1.0 -1.0 -1.0 -1.0 -1.0 -1.0 -1.0 -1.0 -1.0 -1.0 -1.0 -1.0 -1.0 
-1.0 -1.0 -1.0 -1.0 -1.0 -1.0 -1.0 -1.0 -1.0 -1.0 -1.0 -1.0 -1.0 -1.0 -1.0 
-1.0 -1.0 -1.0 -1.0 -1.0 -1.0 -2.0 -2.0 -2.0 -1.0 -1.0 -1.0 -1.0 -1.0 -1.0 
-1.0 -1.0 -1.0 -1.0 -2.0 -2.0 -2.0 -2.0 -2.0 -1.0 -1.0 -1.0 -1.0 -1.0 -2.0 
arrivals 	 : 	  
4.08 6.2 20.25 40.4 44.72 49.68 49.89 51.27 52.76 57.52 63.66 63.97 64.71 66.2 69.83 70.18 72.79 73.42 73.61 77.79 80.6 84.71 90.19 91.28 112.6 115.14 118.89 123.65 126.51 126.97 133.75 134.87 135.5 136.18 158.33 3.71 10.86 45.34 51.51 52.0 54.47 64.76 64.88 68.84 70.79 72.25 78.53 78.78 79.29 88.91 89.72 96.32 98.83 100.44 102.18 107.66 111.76 116.1 122.12 127.1 130.77 132.68 138.58 1.06 1.63 4.15 8.26 8.39 9.69 13.57 14.54 18.89 19.2 28.39 29.55 37.27 42.87 45.79 46.52 54.31 55.84 60.74 67.38 68.35 69.6 69.77 73.8 81.26 86.19 92.02 94.45 96.54 99.14 102.02 102.49 112.11 114.16 115.98 0.81 1.1 1.21 2.46 5.43 11.01 12.68 13.38 13.58 15.52 18.52 20.1 26.8 29.71 33.7 36.14 40.96 44.98 49.82 54.0 57.09 58.95 60.3 63.61 65.13 67.29 1.96 10.28 13.82 21.37 27.06 29.58 31.3 41.08 42.41 44.65 48.4 48.85 53.86 64.18 65.73 66.11 69.97 2.6 7.37 10.12 14.07 16.29 19.36 32.39 33.13 33.69 37.68 4.98 6.65 12.31 21.03 24.69 32.96 73.49 80.23 2.35 5.32 14.2 18.63 20.54 20.58 21.56 23.18 30.16 35.22 36.9 38.89 43.02 44.02 44.31 44.61 46.86 49.71 52.01 55.45 62.28 73.04 73.97 74.88 83.99 88.6 88.8 3.29 5.56 11.46 13.63 13.85 15.83 16.59 18.58 19.81 20.6 25.67 28.5 31.44 36.97 37.85 38.19 38.7 41.15 2.17 3.05 5.55 11.34 20.8 20.96 23.82 31.78 34.49 36.38 39.2 41.33 55.1 55.76 59.12 61.2 68.73 75.23 78.15 83.27 89.4 93.3 96.25 96.42 96.81 97.46 99.42 106.01 108.1 114.22 118.26 118.99 123.18 124.22 124.62 127.16 132.08 141.07 141.96 142.15 142.85 145.42 146.08 148.31 151.78 155.26 157.9 160.15 164.42 165.18 166.07 170.43 172.84 177.36 177.41 184.68 185.99 187.51 196.07 196.44 197.25 214.79 215.14 223.32 228.41 228.67 230.65 233.19 241.54 246.62 246.87 251.28 
