nRows 	 : 	 10 
nCols 	 : 	 15 
nCargoes 	 : 	 330 
nCargoTypes 	 : 	 21 
nPorts 	 : 	 7 
handlingtime 	 : 	 5 
noise_perc 	 : 	 0.0 
nintervals 	 : 	 20 
loadingPorts 	 : 	  
1 1 1 1 1 1 1 1 1 1 1 1 1 1 1 1 1 1 1 1 1 1 1 1 1 1 1 1 1 1 1 1 1 1 1 1 1 1 1 1 1 1 1 1 1 1 1 1 1 1 1 1 1 1 1 1 1 1 1 1 1 1 1 1 1 1 1 1 1 1 1 1 1 1 1 1 1 1 1 1 1 1 1 1 1 1 1 1 1 1 1 1 1 1 1 1 1 1 1 1 1 1 1 1 1 1 1 1 1 1 1 1 1 1 1 1 1 1 1 1 1 1 1 1 2 2 2 2 2 2 2 2 2 2 2 2 2 2 2 2 2 2 2 2 2 2 2 2 2 2 2 3 3 3 3 3 3 3 3 3 3 3 3 3 3 3 3 3 3 3 3 3 3 3 3 3 3 3 3 4 4 4 4 4 4 4 4 4 4 4 4 4 4 4 4 4 4 4 4 4 4 4 4 4 4 4 4 4 4 4 4 4 4 4 4 4 4 4 4 4 5 5 5 5 5 5 5 5 5 5 5 5 5 5 5 5 5 5 5 5 5 5 5 5 5 5 5 5 5 5 5 5 5 5 5 5 5 5 5 5 6 6 6 6 6 6 6 6 6 6 6 6 6 6 6 6 6 6 6 6 6 6 6 6 6 6 6 6 6 6 6 6 6 6 6 6 6 6 6 6 6 6 6 6 6 6 6 6 6 6 6 6 6 6 6 6 6 6 6 6 6 6 6 6 6 6 6 6 6 6 
dischargePorts 	 : 	  
3 3 6 2 7 6 4 3 7 4 6 2 5 2 4 4 2 3 4 7 5 7 2 5 5 4 4 4 6 2 7 5 6 4 3 6 7 2 2 6 5 2 4 3 5 7 3 6 3 2 6 3 6 6 4 7 5 4 5 7 3 5 4 2 4 2 3 2 7 6 5 6 6 6 2 3 2 5 3 2 3 6 2 6 4 5 7 2 2 4 2 3 7 2 4 4 4 7 3 5 6 2 4 2 6 4 2 7 3 3 7 2 5 3 3 3 2 2 7 5 4 4 6 4 7 6 3 7 5 6 7 3 4 3 7 4 5 4 3 4 6 6 6 3 6 6 4 3 4 3 5 5 6 4 6 4 4 5 4 6 4 4 5 4 6 7 4 4 4 6 5 5 6 7 4 5 6 6 7 7 7 6 6 7 5 7 5 7 7 5 7 5 6 6 5 7 7 5 6 5 6 6 7 5 5 7 6 7 5 5 5 5 5 5 6 6 7 6 6 6 6 6 7 6 6 7 6 7 7 7 7 6 7 6 6 6 6 6 7 7 7 7 6 6 6 7 6 7 6 6 6 6 7 6 7 6 7 6 7 7 7 7 7 7 7 7 7 7 7 7 7 7 7 7 7 7 7 7 7 7 7 7 7 7 7 7 7 7 7 7 7 7 7 7 7 7 7 7 7 7 7 7 7 7 7 7 7 7 7 7 7 7 7 7 7 7 7 7 7 7 7 7 7 7 7 7 7 7 7 7 
adj 	 :
[[], [16, 2], [1, 17], [], [], [], [], [], [], [24], [], [], [], [28], [], [16, 150], [17, 1, 15], [16, 18, 2], [17, 19], [18, 20], [19], [], [], [], [9, 39], [], [], [], [13, 43, 29], [28, 44], [150, 31], [32, 30], [33, 31], [32, 34], [33, 35], [34, 36], [35, 37], [36, 38], [37, 39], [40, 24, 38], [41, 39], [40, 42], [41, 43], [42, 44, 28], [43, 29], [46, 150], [45, 47], [48, 46], [49, 47], [48, 50], [49, 51], [50, 52], [51, 53], [52, 54], [53, 55], [56, 54], [57, 55], [56, 58], [57, 59], [58], [61, 150], [60, 62], [61, 63], [64, 62], [65, 63], [64, 66], [65, 67], [66, 68], [67, 69], [68, 70], [69, 71], [72, 70], [73, 71], [72, 74], [73], [76, 150], [75, 77], [76, 78], [77, 79], [80, 78], [81, 79], [80, 82], [81, 83], [82, 84], [83, 85], [84, 86], [85, 87], [88, 86], [89, 87], [88], [91, 150], [90, 92], [91, 93], [92, 94], [93, 95], [96, 94], [97, 95], [96, 98], [97, 99], [98, 100], [99, 101], [100, 102], [101, 103], [104, 102], [103], [106, 150], [105, 107], [106, 108], [107, 109], [108, 110], [109, 111], [112, 110], [113, 111], [112, 114], [113, 129, 115], [114, 116, 130], [115, 131, 117], [132, 116, 118], [117, 133, 119], [134, 118], [121, 150], [120, 122], [121, 123], [122, 124], [123, 125], [124], [], [], [], [144, 130, 114], [115, 129, 145, 131], [116, 130, 132, 146], [117, 131, 147, 133], [148, 118, 132, 134], [133, 119], [136, 150], [137, 135], [136, 138], [137], [], [], [], [], [], [145, 129], [144, 146, 130], [145, 147, 131], [132, 146, 148], [147, 133], [], [135, 105, 75, 45, 15, 120, 90, 60, 30]] 
layout 	 : 	 
-2.0 -1.0 -1.0 -2.0 -2.0 -2.0 -2.0 -2.0 -2.0 -1.0 -2.0 -2.0 -2.0 -1.0 -2.0 
-1.0 -1.0 -1.0 -1.0 -1.0 -1.0 -2.0 -2.0 -2.0 -1.0 -2.0 -2.0 -2.0 -1.0 -1.0 
-1.0 -1.0 -1.0 -1.0 -1.0 -1.0 -1.0 -1.0 -1.0 -1.0 -1.0 -1.0 -1.0 -1.0 -1.0 
-1.0 -1.0 -1.0 -1.0 -1.0 -1.0 -1.0 -1.0 -1.0 -1.0 -1.0 -1.0 -1.0 -1.0 -1.0 
-1.0 -1.0 -1.0 -1.0 -1.0 -1.0 -1.0 -1.0 -1.0 -1.0 -1.0 -1.0 -1.0 -1.0 -1.0 
-1.0 -1.0 -1.0 -1.0 -1.0 -1.0 -1.0 -1.0 -1.0 -1.0 -1.0 -1.0 -1.0 -1.0 -1.0 
-1.0 -1.0 -1.0 -1.0 -1.0 -1.0 -1.0 -1.0 -1.0 -1.0 -1.0 -1.0 -1.0 -1.0 -1.0 
-1.0 -1.0 -1.0 -1.0 -1.0 -1.0 -1.0 -1.0 -1.0 -1.0 -1.0 -1.0 -1.0 -1.0 -1.0 
-1.0 -1.0 -1.0 -1.0 -1.0 -1.0 -2.0 -2.0 -2.0 -1.0 -1.0 -1.0 -1.0 -1.0 -1.0 
-1.0 -1.0 -1.0 -1.0 -2.0 -2.0 -2.0 -2.0 -2.0 -1.0 -1.0 -1.0 -1.0 -1.0 -2.0 
arrivals 	 : 	  
3.96 20.7 27.98 37.95 44.05 56.09 66.16 78.25 88.69 96.43 101.06 104.44 112.73 116.51 121.94 124.38 134.78 139.21 148.65 155.77 158.91 161.06 173.29 174.95 177.75 182.44 183.0 5.01 15.33 16.88 17.26 21.12 22.42 24.8 26.18 28.15 29.26 30.8 37.31 37.68 37.96 39.96 42.45 43.28 46.11 50.47 52.3 56.44 15.2 17.72 20.08 23.04 31.92 36.35 38.26 38.3 39.29 40.9 47.88 52.94 54.62 56.61 60.74 61.74 62.04 62.33 64.58 67.44 69.74 73.17 80.01 90.76 0.62 1.22 7.3 10.37 10.5 13.8 16.07 21.97 24.13 24.36 26.33 27.1 29.09 30.31 31.11 36.18 5.66 11.54 22.6 24.36 25.03 26.05 30.96 33.13 34.01 36.51 42.3 51.76 51.92 54.78 62.74 65.45 67.33 70.16 72.29 86.06 1.33 8.04 12.19 27.25 40.26 46.11 56.34 68.6 76.4 82.29 82.63 83.41 84.72 88.64 101.82 106.01 12.23 20.31 21.77 30.16 32.23 33.04 38.12 3.69 10.43 11.1 11.24 11.77 13.69 0.33 1.44 3.18 3.48 6.12 8.36 12.63 13.39 14.28 18.64 1.81 5.2 5.24 10.69 1.97 4.25 17.09 17.64 18.86 45.17 45.7 57.97 65.61 65.99 68.96 4.45 19.05 27.94 28.39 36.11 37.35 3.78 5.51 17.02 27.11 27.29 31.53 35.37 38.32 0.91 6.46 7.49 0.79 1.89 2.28 5.53 7.57 8.5 8.82 9.86 11.5 12.08 12.12 14.19 14.41 20.29 22.37 0.11 1.94 11.52 23.2 23.21 27.01 30.93 41.46 43.18 46.89 47.49 51.68 53.26 27.83 34.91 40.3 53.26 54.9 63.06 77.3 82.16 88.64 90.74 92.64 97.09 101.82 2.58 4.31 6.62 7.21 8.22 8.82 11.24 13.39 14.52 19.82 23.64 28.28 28.53 28.79 29.85 32.62 35.06 35.34 36.0 36.12 36.44 37.52 1.11 19.76 23.98 27.26 43.0 44.17 44.58 45.26 46.75 48.76 54.35 57.54 63.25 67.58 67.99 70.45 70.56 72.96 0.27 1.78 6.35 6.6 9.7 10.81 13.28 18.47 18.5 24.45 26.2 27.25 28.42 35.23 35.8 36.69 41.26 47.31 50.23 60.41 66.93 67.82 67.83 69.25 70.19 73.61 77.53 85.55 85.86 86.08 88.56 97.2 97.96 98.04 99.2 102.83 103.27 104.23 105.55 108.19 113.23 117.5 118.42 120.13 121.12 124.09 127.49 128.56 129.04 133.76 134.09 138.05 140.3 145.64 149.85 150.16 150.54 155.28 156.81 165.52 165.54 167.93 168.22 178.05 178.51 179.92 180.85 184.18 184.42 204.25 
