nRows 	 : 	 10 
nCols 	 : 	 15 
nCargoes 	 : 	 311 
nCargoTypes 	 : 	 15 
nPorts 	 : 	 6 
handlingtime 	 : 	 5 
noise_perc 	 : 	 0.0 
nintervals 	 : 	 20 
loadingPorts 	 : 	  
1 1 1 1 1 1 1 1 1 1 1 1 1 1 1 1 1 1 1 1 1 1 1 1 1 1 1 1 1 1 1 1 1 1 1 1 1 1 1 1 1 1 1 1 1 1 1 1 1 1 1 1 1 1 1 1 1 1 1 1 1 1 1 1 1 1 1 1 1 1 1 1 1 1 1 1 1 1 1 1 1 1 1 1 1 1 1 1 1 1 1 1 1 1 1 1 1 1 1 1 1 1 1 1 1 1 1 1 1 1 1 1 1 1 1 1 1 1 1 1 1 1 1 1 2 2 2 2 2 2 2 2 2 2 2 2 2 2 2 2 2 2 2 2 2 2 2 2 2 2 2 2 2 2 2 3 3 3 3 3 3 3 3 3 3 3 3 3 3 3 3 3 3 3 3 3 3 3 3 3 3 3 3 3 3 3 3 3 3 3 4 4 4 4 4 4 4 4 4 4 4 4 4 4 4 4 4 4 4 4 4 4 4 4 4 4 4 4 4 4 4 4 4 4 4 4 4 4 4 4 4 4 4 4 4 4 4 4 4 4 4 4 4 4 4 4 4 4 5 5 5 5 5 5 5 5 5 5 5 5 5 5 5 5 5 5 5 5 5 5 5 5 5 5 5 5 5 5 5 5 5 5 5 5 5 5 5 5 5 5 5 5 5 5 5 5 5 5 5 5 5 5 5 5 5 5 5 5 5 5 5 
dischargePorts 	 : 	  
2 2 3 4 4 2 3 3 3 3 2 4 6 4 4 4 2 4 3 3 2 6 2 6 5 4 3 6 3 5 2 4 2 4 4 2 2 4 6 4 6 2 4 4 3 3 3 5 2 6 4 5 3 3 5 6 2 2 5 4 2 4 3 4 6 3 5 3 2 5 2 6 5 4 6 5 4 4 6 3 5 3 2 4 2 3 2 6 6 4 5 5 5 2 3 2 4 3 2 3 5 2 5 4 4 6 2 2 4 2 3 6 2 4 4 4 6 3 5 5 2 3 2 5 4 3 6 4 3 6 3 5 4 3 4 3 3 6 5 4 4 5 4 6 6 3 6 4 6 6 3 4 3 6 4 5 5 4 5 6 6 6 4 5 6 4 4 4 4 5 5 5 4 6 4 4 5 4 6 4 4 5 4 5 6 4 4 4 5 4 5 6 6 5 5 6 6 6 6 6 5 5 6 5 6 5 6 6 5 6 5 6 5 5 6 6 5 5 5 6 5 6 5 5 6 6 6 5 5 5 5 5 5 5 6 6 6 6 5 5 5 6 5 5 6 5 6 6 6 6 6 6 6 6 6 6 6 6 6 6 6 6 6 6 6 6 6 6 6 6 6 6 6 6 6 6 6 6 6 6 6 6 6 6 6 6 6 6 6 6 6 6 6 6 6 6 6 6 6 6 6 6 6 6 6 6 6 6 6 6 6 
adj 	 :
[[], [16, 2], [1, 17], [], [], [], [], [], [], [24], [], [], [], [28], [], [16, 150], [17, 1, 15], [16, 18, 2], [17, 19], [18, 20], [19], [], [], [], [9, 39], [], [], [], [13, 43, 29], [28, 44], [150, 31], [32, 30], [33, 31], [32, 34], [33, 35], [34, 36], [35, 37], [36, 38], [37, 39], [40, 24, 38], [41, 39], [40, 42], [41, 43], [42, 44, 28], [43, 29], [46, 150], [45, 47], [48, 46], [49, 47], [48, 50], [49, 51], [50, 52], [51, 53], [52, 54], [53, 55], [56, 54], [57, 55], [56, 58], [57, 59], [58], [61, 150], [60, 62], [61, 63], [64, 62], [65, 63], [64, 66], [65, 67], [66, 68], [67, 69], [68, 70], [69, 71], [72, 70], [73, 71], [72, 74], [73], [76, 150], [75, 77], [76, 78], [77, 79], [80, 78], [81, 79], [80, 82], [81, 83], [82, 84], [83, 85], [84, 86], [85, 87], [88, 86], [89, 87], [88], [91, 150], [90, 92], [91, 93], [92, 94], [93, 95], [96, 94], [97, 95], [96, 98], [97, 99], [98, 100], [99, 101], [100, 102], [101, 103], [104, 102], [103], [106, 150], [105, 107], [106, 108], [107, 109], [108, 110], [109, 111], [112, 110], [113, 111], [112, 114], [113, 129, 115], [114, 116, 130], [115, 131, 117], [132, 116, 118], [117, 133, 119], [134, 118], [121, 150], [120, 122], [121, 123], [122, 124], [123, 125], [124], [], [], [], [144, 130, 114], [115, 129, 145, 131], [116, 130, 132, 146], [117, 131, 147, 133], [148, 118, 132, 134], [133, 119], [136, 150], [137, 135], [136, 138], [137], [], [], [], [], [], [145, 129], [144, 146, 130], [145, 147, 131], [132, 146, 148], [147, 133], [], [135, 105, 75, 45, 15, 120, 90, 60, 30]] 
layout 	 : 	 
-2.0 -1.0 -1.0 -2.0 -2.0 -2.0 -2.0 -2.0 -2.0 -1.0 -2.0 -2.0 -2.0 -1.0 -2.0 
-1.0 -1.0 -1.0 -1.0 -1.0 -1.0 -2.0 -2.0 -2.0 -1.0 -2.0 -2.0 -2.0 -1.0 -1.0 
-1.0 -1.0 -1.0 -1.0 -1.0 -1.0 -1.0 -1.0 -1.0 -1.0 -1.0 -1.0 -1.0 -1.0 -1.0 
-1.0 -1.0 -1.0 -1.0 -1.0 -1.0 -1.0 -1.0 -1.0 -1.0 -1.0 -1.0 -1.0 -1.0 -1.0 
-1.0 -1.0 -1.0 -1.0 -1.0 -1.0 -1.0 -1.0 -1.0 -1.0 -1.0 -1.0 -1.0 -1.0 -1.0 
-1.0 -1.0 -1.0 -1.0 -1.0 -1.0 -1.0 -1.0 -1.0 -1.0 -1.0 -1.0 -1.0 -1.0 -1.0 
-1.0 -1.0 -1.0 -1.0 -1.0 -1.0 -1.0 -1.0 -1.0 -1.0 -1.0 -1.0 -1.0 -1.0 -1.0 
-1.0 -1.0 -1.0 -1.0 -1.0 -1.0 -1.0 -1.0 -1.0 -1.0 -1.0 -1.0 -1.0 -1.0 -1.0 
-1.0 -1.0 -1.0 -1.0 -1.0 -1.0 -2.0 -2.0 -2.0 -1.0 -1.0 -1.0 -1.0 -1.0 -1.0 
-1.0 -1.0 -1.0 -1.0 -2.0 -2.0 -2.0 -2.0 -2.0 -1.0 -1.0 -1.0 -1.0 -1.0 -2.0 
arrivals 	 : 	  
2.17 9.02 14.14 19.57 27.1 33.32 37.91 40.3 47.68 49.44 50.4 54.6 61.45 61.67 63.83 70.29 71.91 79.16 79.68 95.0 96.93 109.8 119.13 124.0 125.21 138.2 140.74 148.92 159.98 161.6 163.68 0.24 5.6 15.55 22.12 29.9 33.14 35.92 39.39 43.22 43.86 56.68 59.42 61.85 63.47 64.04 64.26 66.77 72.7 83.86 87.2 88.6 89.0 92.88 98.89 102.05 115.45 4.36 10.35 14.01 21.23 27.28 34.53 40.79 45.44 48.22 50.24 55.22 57.49 60.74 62.21 68.45 71.1 76.77 81.04 82.92 84.21 91.55 92.55 94.23 97.04 97.38 101.13 108.88 110.04 110.32 113.22 114.19 1.19 1.88 2.87 3.42 4.19 7.45 7.63 7.77 8.77 10.01 10.43 11.85 14.03 14.94 17.01 27.14 28.83 30.4 32.37 11.83 17.75 20.29 20.35 21.66 23.81 33.12 39.86 42.1 44.76 50.26 51.6 51.99 52.38 55.38 59.19 62.26 9.15 27.38 56.07 58.56 60.96 85.27 97.56 98.09 111.26 9.08 32.67 41.34 42.24 50.13 53.2 61.15 66.05 69.24 89.51 4.24 8.66 16.95 0.88 1.21 1.72 4.18 5.26 5.7 6.95 9.85 14.58 0.17 3.03 10.99 13.7 15.58 18.4 20.53 34.3 34.97 38.32 40.4 47.93 54.43 57.36 62.47 68.6 72.51 2.21 2.34 2.63 3.12 4.59 9.53 11.1 15.69 18.72 19.27 22.41 1.55 2.16 5.97 13.34 26.83 28.17 28.45 1.23 5.73 6.89 10.78 16.86 22.94 27.56 31.5 38.96 40.29 41.85 49.48 53.71 61.61 61.71 74.42 76.72 79.38 94.36 95.0 96.42 127.11 127.73 142.05 150.96 151.41 154.87 159.32 173.93 182.81 0.39 7.0 8.06 11.84 13.58 25.09 35.18 35.35 39.6 43.43 46.39 47.75 56.08 57.63 59.99 63.3 64.45 74.22 80.34 83.12 84.08 87.2 92.13 93.85 93.98 100.2 100.85 118.5 4.16 4.25 5.71 13.37 22.72 22.73 25.77 28.9 37.33 38.71 41.67 42.15 45.51 46.77 65.32 70.04 73.63 82.27 83.37 88.81 98.3 101.54 105.86 107.26 108.53 111.49 114.65 118.09 120.4 123.47 124.26 125.61 126.4 129.64 132.5 134.01 141.07 146.17 152.35 152.69 153.04 154.45 158.15 161.4 161.78 162.65 162.8 163.24 164.67 165.31 175.97 178.38 180.25 189.25 189.91 190.15 190.54 191.39 192.53 195.73 197.55 200.82 203.29 
