nRows 	 : 	 10 
nCols 	 : 	 15 
nCargoes 	 : 	 273 
nCargoTypes 	 : 	 10 
nPorts 	 : 	 5 
handlingtime 	 : 	 5 
noise_perc 	 : 	 0.0 
nintervals 	 : 	 20 
loadingPorts 	 : 	  
1 1 1 1 1 1 1 1 1 1 1 1 1 1 1 1 1 1 1 1 1 1 1 1 1 1 1 1 1 1 1 1 1 1 1 1 1 1 1 1 1 1 1 1 1 1 1 1 1 1 1 1 1 1 1 1 1 1 1 1 1 1 1 1 1 1 1 1 1 1 1 1 1 1 1 1 1 1 1 1 1 1 1 1 1 1 1 1 1 1 1 1 1 1 1 1 1 1 1 1 1 1 1 1 1 1 1 1 1 1 1 1 1 1 1 1 1 1 1 1 1 1 1 1 2 2 2 2 2 2 2 2 2 2 2 2 2 2 2 2 2 2 2 2 2 2 2 2 2 2 2 2 2 2 2 2 2 2 2 3 3 3 3 3 3 3 3 3 3 3 3 3 3 3 3 3 3 3 3 3 3 3 3 3 3 3 3 3 3 3 3 3 3 3 3 3 3 3 3 3 3 4 4 4 4 4 4 4 4 4 4 4 4 4 4 4 4 4 4 4 4 4 4 4 4 4 4 4 4 4 4 4 4 4 4 4 4 4 4 4 4 4 4 4 4 4 4 4 4 4 4 4 4 4 4 4 4 4 4 4 4 4 4 4 4 4 4 4 4 4 4 4 4 
dischargePorts 	 : 	  
4 3 4 2 2 2 4 2 5 4 3 3 2 4 5 4 5 4 5 2 3 5 3 4 4 4 5 5 3 2 4 2 3 4 3 2 3 2 4 4 5 3 2 4 2 3 3 3 3 2 2 3 4 5 4 2 5 4 5 5 5 2 4 5 3 3 2 2 4 2 2 4 5 2 3 2 4 2 3 5 3 4 4 2 3 2 5 5 5 4 3 2 2 5 4 3 2 3 3 4 3 2 3 2 2 4 2 5 5 4 4 4 2 5 3 5 2 5 2 3 4 3 4 4 5 3 3 5 5 4 4 5 3 5 4 3 4 5 5 5 5 3 4 4 4 3 3 4 3 5 3 4 3 4 3 3 4 4 4 5 4 4 4 4 5 5 4 5 5 5 4 4 5 4 5 4 5 4 5 5 4 5 4 5 4 5 4 4 5 4 4 4 4 5 4 4 4 4 4 5 4 5 5 5 5 5 5 5 5 5 5 5 5 5 5 5 5 5 5 5 5 5 5 5 5 5 5 5 5 5 5 5 5 5 5 5 5 5 5 5 5 5 5 5 5 5 5 5 5 5 5 5 5 5 5 5 5 5 5 5 5 5 5 5 5 5 5 5 5 5 5 5 5 
adj 	 :
[[], [16, 2], [1, 17], [], [], [], [], [], [], [24], [], [], [], [28], [], [16, 150], [17, 1, 15], [16, 18, 2], [17, 19], [18, 20], [19], [], [], [], [9, 39], [], [], [], [13, 43, 29], [28, 44], [150, 31], [32, 30], [33, 31], [32, 34], [33, 35], [34, 36], [35, 37], [36, 38], [37, 39], [40, 24, 38], [41, 39], [40, 42], [41, 43], [42, 44, 28], [43, 29], [46, 150], [45, 47], [48, 46], [49, 47], [48, 50], [49, 51], [50, 52], [51, 53], [52, 54], [53, 55], [56, 54], [57, 55], [56, 58], [57, 59], [58], [61, 150], [60, 62], [61, 63], [64, 62], [65, 63], [64, 66], [65, 67], [66, 68], [67, 69], [68, 70], [69, 71], [72, 70], [73, 71], [72, 74], [73], [76, 150], [75, 77], [76, 78], [77, 79], [80, 78], [81, 79], [80, 82], [81, 83], [82, 84], [83, 85], [84, 86], [85, 87], [88, 86], [89, 87], [88], [91, 150], [90, 92], [91, 93], [92, 94], [93, 95], [96, 94], [97, 95], [96, 98], [97, 99], [98, 100], [99, 101], [100, 102], [101, 103], [104, 102], [103], [106, 150], [105, 107], [106, 108], [107, 109], [108, 110], [109, 111], [112, 110], [113, 111], [112, 114], [113, 129, 115], [114, 116, 130], [115, 131, 117], [132, 116, 118], [117, 133, 119], [134, 118], [121, 150], [120, 122], [121, 123], [122, 124], [123, 125], [124], [], [], [], [144, 130, 114], [115, 129, 145, 131], [116, 130, 132, 146], [117, 131, 147, 133], [148, 118, 132, 134], [133, 119], [136, 150], [137, 135], [136, 138], [137], [], [], [], [], [], [145, 129], [144, 146, 130], [145, 147, 131], [132, 146, 148], [147, 133], [], [135, 105, 75, 45, 15, 120, 90, 60, 30]] 
layout 	 : 	 
-2.0 -1.0 -1.0 -2.0 -2.0 -2.0 -2.0 -2.0 -2.0 -1.0 -2.0 -2.0 -2.0 -1.0 -2.0 
-1.0 -1.0 -1.0 -1.0 -1.0 -1.0 -2.0 -2.0 -2.0 -1.0 -2.0 -2.0 -2.0 -1.0 -1.0 
-1.0 -1.0 -1.0 -1.0 -1.0 -1.0 -1.0 -1.0 -1.0 -1.0 -1.0 -1.0 -1.0 -1.0 -1.0 
-1.0 -1.0 -1.0 -1.0 -1.0 -1.0 -1.0 -1.0 -1.0 -1.0 -1.0 -1.0 -1.0 -1.0 -1.0 
-1.0 -1.0 -1.0 -1.0 -1.0 -1.0 -1.0 -1.0 -1.0 -1.0 -1.0 -1.0 -1.0 -1.0 -1.0 
-1.0 -1.0 -1.0 -1.0 -1.0 -1.0 -1.0 -1.0 -1.0 -1.0 -1.0 -1.0 -1.0 -1.0 -1.0 
-1.0 -1.0 -1.0 -1.0 -1.0 -1.0 -1.0 -1.0 -1.0 -1.0 -1.0 -1.0 -1.0 -1.0 -1.0 
-1.0 -1.0 -1.0 -1.0 -1.0 -1.0 -1.0 -1.0 -1.0 -1.0 -1.0 -1.0 -1.0 -1.0 -1.0 
-1.0 -1.0 -1.0 -1.0 -1.0 -1.0 -2.0 -2.0 -2.0 -1.0 -1.0 -1.0 -1.0 -1.0 -1.0 
-1.0 -1.0 -1.0 -1.0 -2.0 -2.0 -2.0 -2.0 -2.0 -1.0 -1.0 -1.0 -1.0 -1.0 -2.0 
arrivals 	 : 	  
6.67 7.15 8.72 10.38 43.2 48.77 54.45 54.75 56.95 72.92 88.39 90.27 90.72 91.79 91.8 111.64 120.86 122.21 139.03 140.83 141.9 142.9 143.79 144.02 145.16 145.77 151.01 158.56 159.64 161.19 170.71 176.65 179.77 186.62 189.96 3.26 9.31 10.0 14.84 15.99 20.45 21.03 29.02 31.61 42.72 45.25 46.63 53.48 55.68 59.56 59.66 72.6 75.08 81.06 92.49 93.73 98.53 108.73 113.81 134.32 138.78 147.65 159.84 160.14 163.08 0.66 1.3 2.38 3.42 6.81 9.09 10.56 11.06 13.37 13.83 16.71 19.92 20.5 23.23 25.18 25.82 25.88 27.95 31.43 32.66 34.23 35.58 36.31 40.9 48.36 48.57 52.6 55.9 63.96 64.61 65.73 71.42 75.45 80.66 4.74 6.84 6.97 8.24 9.25 10.2 10.73 11.02 15.56 17.27 22.18 22.74 28.71 29.69 31.64 34.04 36.07 38.84 39.75 42.32 43.99 47.68 51.41 51.98 54.56 1.23 1.92 5.78 12.04 12.66 17.86 17.91 18.46 23.03 24.46 25.75 28.98 1.7 19.77 49.77 72.98 74.14 74.33 84.8 88.53 105.33 116.64 119.24 127.54 134.19 11.2 11.28 19.98 22.04 24.44 52.18 57.52 65.9 76.56 89.48 0.51 5.16 7.9 19.76 21.03 22.11 26.02 28.06 28.36 33.51 38.69 52.85 57.8 61.76 67.39 71.74 75.2 80.44 85.62 85.71 88.87 92.27 93.93 93.94 97.27 2.97 2.99 6.65 7.33 7.69 9.07 11.49 14.35 14.45 25.18 34.54 34.7 37.48 37.93 39.11 43.3 44.9 2.27 5.31 9.41 9.46 10.35 17.87 20.6 24.06 28.55 49.03 54.52 54.77 75.49 79.23 80.03 80.58 91.77 97.52 99.67 103.89 105.06 108.82 113.98 118.46 122.63 130.19 135.67 138.47 139.87 144.69 146.01 149.9 162.29 165.99 166.16 167.59 168.54 168.75 169.13 172.45 173.45 191.01 199.36 206.12 210.65 214.78 234.9 236.41 236.75 236.76 237.71 242.93 244.03 244.97 245.09 245.29 247.42 251.0 251.73 256.99 264.41 267.26 274.0 276.12 278.8 280.49 285.99 287.18 295.17 295.17 308.62 315.89 
