nRows 	 : 	 10 
nCols 	 : 	 15 
nCargoes 	 : 	 296 
nCargoTypes 	 : 	 21 
nPorts 	 : 	 7 
handlingtime 	 : 	 5 
noise_perc 	 : 	 0.0 
nintervals 	 : 	 20 
loadingPorts 	 : 	  
1 1 1 1 1 1 1 1 1 1 1 1 1 1 1 1 1 1 1 1 1 1 1 1 1 1 1 1 1 1 1 1 1 1 1 1 1 1 1 1 1 1 1 1 1 1 1 1 1 1 1 1 1 1 1 1 1 1 1 1 1 1 1 1 1 1 1 1 1 1 1 1 1 1 1 1 1 1 1 1 1 1 1 1 1 1 1 1 1 1 1 1 1 1 1 1 1 1 1 1 1 1 1 1 1 1 1 1 1 1 1 1 1 1 1 1 1 1 1 1 1 1 1 1 2 2 2 2 2 2 2 2 2 2 2 2 2 2 2 3 3 3 3 3 3 3 3 3 3 3 3 3 3 3 3 3 3 3 3 3 3 3 3 3 3 3 3 3 3 3 3 4 4 4 4 4 4 4 4 4 4 4 4 4 4 4 4 4 4 4 4 4 4 4 4 5 5 5 5 5 5 5 5 5 5 5 5 5 5 5 5 5 5 5 5 5 5 5 5 5 5 5 5 5 5 5 5 5 5 5 6 6 6 6 6 6 6 6 6 6 6 6 6 6 6 6 6 6 6 6 6 6 6 6 6 6 6 6 6 6 6 6 6 6 6 6 6 6 6 6 6 6 6 6 6 6 6 6 6 6 6 6 6 6 6 6 6 6 6 6 6 6 6 6 6 6 
dischargePorts 	 : 	  
3 7 6 7 7 3 3 2 6 7 4 5 2 7 7 7 6 7 2 6 3 7 6 7 6 3 6 2 7 7 3 6 4 3 6 3 2 3 3 7 7 3 5 4 7 5 7 2 7 3 7 3 2 4 6 3 5 5 4 5 3 6 2 7 5 6 6 6 4 2 5 3 3 7 6 3 3 4 4 3 2 4 7 6 7 5 3 5 2 3 4 5 5 4 4 3 4 7 6 3 2 5 5 4 6 6 6 3 3 2 3 4 7 2 4 5 3 6 4 3 5 2 6 6 3 5 3 7 5 3 4 7 5 7 6 7 5 7 7 6 6 6 7 6 7 6 5 5 4 6 7 6 6 5 4 5 5 5 6 4 4 6 6 4 5 6 5 4 5 7 6 7 7 7 6 5 6 7 7 7 6 7 6 6 5 5 6 5 6 7 6 5 6 5 6 6 6 7 6 7 6 6 6 6 6 6 7 6 7 7 6 6 6 7 7 6 7 7 7 7 7 6 6 6 6 7 7 6 7 7 7 7 7 7 7 7 7 7 7 7 7 7 7 7 7 7 7 7 7 7 7 7 7 7 7 7 7 7 7 7 7 7 7 7 7 7 7 7 7 7 7 7 7 7 7 7 7 7 7 7 7 7 7 7 7 7 7 7 7 7 7 7 7 7 7 7 
adj 	 :
[[], [16, 2], [1, 17], [], [], [], [], [], [], [24], [], [], [], [28], [], [16, 150], [17, 1, 15], [16, 18, 2], [17, 19], [18, 20], [19], [], [], [], [9, 39], [], [], [], [13, 43, 29], [28, 44], [150, 31], [32, 30], [33, 31], [32, 34], [33, 35], [34, 36], [35, 37], [36, 38], [37, 39], [40, 24, 38], [41, 39], [40, 42], [41, 43], [42, 44, 28], [43, 29], [46, 150], [45, 47], [48, 46], [49, 47], [48, 50], [49, 51], [50, 52], [51, 53], [52, 54], [53, 55], [56, 54], [57, 55], [56, 58], [57, 59], [58], [61, 150], [60, 62], [61, 63], [64, 62], [65, 63], [64, 66], [65, 67], [66, 68], [67, 69], [68, 70], [69, 71], [72, 70], [73, 71], [72, 74], [73], [76, 150], [75, 77], [76, 78], [77, 79], [80, 78], [81, 79], [80, 82], [81, 83], [82, 84], [83, 85], [84, 86], [85, 87], [88, 86], [89, 87], [88], [91, 150], [90, 92], [91, 93], [92, 94], [93, 95], [96, 94], [97, 95], [96, 98], [97, 99], [98, 100], [99, 101], [100, 102], [101, 103], [104, 102], [103], [106, 150], [105, 107], [106, 108], [107, 109], [108, 110], [109, 111], [112, 110], [113, 111], [112, 114], [113, 129, 115], [114, 116, 130], [115, 131, 117], [132, 116, 118], [117, 133, 119], [134, 118], [121, 150], [120, 122], [121, 123], [122, 124], [123, 125], [124], [], [], [], [144, 130, 114], [115, 129, 145, 131], [116, 130, 132, 146], [117, 131, 147, 133], [148, 118, 132, 134], [133, 119], [136, 150], [137, 135], [136, 138], [137], [], [], [], [], [], [145, 129], [144, 146, 130], [145, 147, 131], [132, 146, 148], [147, 133], [], [135, 105, 75, 45, 15, 120, 90, 60, 30]] 
layout 	 : 	 
-2.0 -1.0 -1.0 -2.0 -2.0 -2.0 -2.0 -2.0 -2.0 -1.0 -2.0 -2.0 -2.0 -1.0 -2.0 
-1.0 -1.0 -1.0 -1.0 -1.0 -1.0 -2.0 -2.0 -2.0 -1.0 -2.0 -2.0 -2.0 -1.0 -1.0 
-1.0 -1.0 -1.0 -1.0 -1.0 -1.0 -1.0 -1.0 -1.0 -1.0 -1.0 -1.0 -1.0 -1.0 -1.0 
-1.0 -1.0 -1.0 -1.0 -1.0 -1.0 -1.0 -1.0 -1.0 -1.0 -1.0 -1.0 -1.0 -1.0 -1.0 
-1.0 -1.0 -1.0 -1.0 -1.0 -1.0 -1.0 -1.0 -1.0 -1.0 -1.0 -1.0 -1.0 -1.0 -1.0 
-1.0 -1.0 -1.0 -1.0 -1.0 -1.0 -1.0 -1.0 -1.0 -1.0 -1.0 -1.0 -1.0 -1.0 -1.0 
-1.0 -1.0 -1.0 -1.0 -1.0 -1.0 -1.0 -1.0 -1.0 -1.0 -1.0 -1.0 -1.0 -1.0 -1.0 
-1.0 -1.0 -1.0 -1.0 -1.0 -1.0 -1.0 -1.0 -1.0 -1.0 -1.0 -1.0 -1.0 -1.0 -1.0 
-1.0 -1.0 -1.0 -1.0 -1.0 -1.0 -2.0 -2.0 -2.0 -1.0 -1.0 -1.0 -1.0 -1.0 -1.0 
-1.0 -1.0 -1.0 -1.0 -2.0 -2.0 -2.0 -2.0 -2.0 -1.0 -1.0 -1.0 -1.0 -1.0 -2.0 
arrivals 	 : 	  
0.56 0.95 7.47 10.89 16.72 19.57 20.99 29.54 37.57 43.5 45.09 49.55 51.79 52.27 64.73 0.59 12.59 14.95 15.77 18.89 27.15 32.42 38.99 43.29 48.0 55.57 56.72 59.41 60.41 77.99 89.52 89.69 94.58 104.95 105.75 109.1 118.99 119.13 123.91 125.32 135.65 149.82 161.37 163.94 5.94 11.53 12.68 17.98 18.09 20.81 21.59 21.98 22.22 25.8 27.04 30.91 31.11 32.25 34.58 39.27 40.42 1.97 6.31 8.22 8.75 8.8 12.88 12.93 17.08 18.59 24.18 27.39 39.75 40.62 43.53 44.56 45.87 3.95 12.23 28.79 34.64 36.8 38.99 44.34 45.43 45.9 47.65 49.0 50.41 51.47 51.65 51.72 69.32 71.55 73.49 78.05 79.03 91.01 97.18 97.56 4.32 21.23 44.39 49.43 57.04 58.5 96.33 98.44 121.32 129.71 137.2 142.95 145.05 146.6 148.59 150.24 162.34 165.79 166.27 194.08 211.3 232.32 274.56 276.09 4.04 15.4 24.92 0.5 3.38 3.89 4.4 5.94 3.6 2.6 2.89 9.19 10.12 10.53 17.12 18.69 30.58 40.53 46.92 51.72 52.27 3.68 6.94 9.04 18.04 22.84 23.43 25.17 33.22 33.77 11.43 15.53 19.46 24.85 35.29 37.86 44.66 49.66 51.53 64.18 73.76 80.21 91.61 8.08 13.01 20.26 25.05 2.28 4.21 7.0 7.35 11.6 15.71 0.15 8.89 9.58 11.62 18.42 19.3 27.81 36.74 40.28 40.31 2.03 7.79 31.63 37.62 39.43 45.46 50.12 59.2 0.34 4.63 6.97 16.86 18.12 21.12 29.19 29.51 37.82 41.31 41.52 42.59 46.29 46.5 49.12 50.39 53.3 53.44 59.6 25.41 49.7 59.39 60.37 70.31 70.48 70.64 73.38 78.07 88.37 96.42 100.55 102.79 143.75 147.64 151.84 0.54 5.29 8.84 9.59 9.84 13.27 16.45 17.41 26.45 26.94 28.64 37.27 38.9 41.95 43.47 44.44 56.84 58.42 65.15 65.94 66.66 66.75 69.91 71.29 77.29 79.21 89.55 90.17 96.26 100.75 105.18 110.76 115.06 118.01 118.43 118.53 126.14 129.02 133.79 135.76 136.14 136.54 140.01 141.7 142.37 144.4 144.6 147.22 148.16 152.95 154.06 155.88 155.92 156.15 157.64 159.6 162.35 163.39 166.95 172.85 177.39 177.51 179.47 179.81 180.64 193.59 
